00000000 0
00000001 0
00000002 0
00000010 0
00000011 0
00000012 0
00000020 0
00000021 0
00000022 0
00000100 0
00000101 11 75*9=675
00000102 4 6*96=576
00000110 18 119/17=7
00000111 12 9+96=105
00000112 4 7+99=106
00000120 4 17*7=119
00000121 0
00000122 0
00000200 10 5+7+5=17
00000201 18 6*9+6=60
00000202 3 7+7*7=56
00000210 15 59+11=70
00000211 76 11+59=70
00000212 24 75+16=91
00000220 59 171/9=19
00000221 32 6/1+5=11
00000222 21 9/1*6=54
00001000 0
00001001 0
00001002 0
00001010 0
00001011 0
00001012 0
00001020 0
00001021 0
00001022 0
00001100 38 25*9=225
00001101 20 7*96=672
00001102 10 27/9*2=6
00001110 69 9*15=135
00001111 62 2*56=112
00001112 22 1*12/2=6
00001120 4 22*5=110
00001121 4 56*2=112
00001122 0
00001200 81 2*9+7=25
00001201 45 6+9*6=60
00001202 17 60+29=89
00001210 62 70+25=95
00001211 56 61+16=77
00001212 15 46+25=71
00001220 62 7*2+1=15
00001221 40 5+2*6=17
00001222 11 5+2+9=16
00002000 0
00002001 0
00002002 0
00002010 0
00002011 0
00002012 0
00002020 0
00002021 0
00002022 0
00002100 1
00002101 3 2/6*27=9
00002102 1
00002110 7 110/22=5
00002111 4 7*6/21=2
00002112 6 120/20=6
00002120 0
00002121 0
00002122 0
00002200 26 2*5*9=90
00002201 8 9*6/2=27
00002202 2
00002210 15 59+12=71
00002211 19 60+15=75
00002212 3 112/2=56
00002220 26 9*2+7=25
00002221 16 1*63/7=9
00002222 7 2+9+1=12
00010000 0
00010001 0
00010002 0
00010010 0
00010011 0
00010012 0
00010020 0
00010021 0
00010022 0
00010100 28 55*7=385
00010101 48 67*9=603
00010102 11 56*6=336
00010110 103 7*15=105
00010111 62 5*39=195
00010112 28 10*1/2=5
00010120 8 57*9=513
00010121 1
00010122 0
00010200 24 3+9*3=30
00010201 68 5+9*6=59
00010202 20 6+9*6=60
00010210 50 117/3=39
00010211 80 165/5=33
00010212 19 177/59=3
00010220 87 153/3=51
00010221 36 6*6/12=3
00010222 12 7+3*3=16
00011000 0
00011001 0
00011002 0
00011010 0
00011011 0
00011012 0
00011020 0
00011021 0
00011022 0
00011100 36 39*7=273
00011101 33 37*7=259
00011102 8 3+27/9=6
00011110 57 27/1/3=9
00011111 29 20*2/8=5
00011112 13 312/52=6
00011120 7 31*7=217
00011121 6 62*5=310
00011122 3 6*36=216
00011200 85 9+7*3=30
00011201 68 37+53=90
00011202 21 2+9*6=56
00011210 111 117/3=39
00011211 47 51+16=67
00011212 15 165/5=33
00011220 45 9+2*3=15
00011221 22 3+2*6=15
00011222 0
00012000 0
00012001 0
00012002 0
00012010 0
00012011 0
00012012 0
00012020 0
00012021 0
00012022 0
00012100 4 207/23=9
00012101 0
00012102 0
00012110 14 7*9/21=3
00012111 2
00012112 1
00012120 0
00012121 0
00012122 0
00012200 18 5*37=185
00012201 8 69-32=37
00012202 4 602/7=86
00012210 21 297/9=33
00012211 13 51+12=63
00012212 1
00012220 17 9+3*2=15
00012221 7 3+6*2=15
00012222 0
00020000 0
00020001 0
00020002 0
00020010 0
00020011 0
00020012 0
00020020 0
00020021 0
00020022 0
00020100 1
00020101 6 5*73=365
00020102 1
00020110 15 95*6=570
00020111 9 1*63/9=7
00020112 2
00020120 4 37*3=111
00020121 1
00020122 0
00020200 6 37+33=70
00020201 30 33+57=90
00020202 10 69-10=59
00020210 9 59+27=86
00020211 18 16+51=67
00020212 6 69-21=48
00020220 0
00020221 0
00020222 0
00021000 0
00021001 0
00021002 0
00021010 0
00021011 0
00021012 0
00021020 0
00021021 0
00021022 0
00021100 12 79*3=237
00021101 4 2+63/9=9
00021102 2
00021110 20 59*3=177
00021111 2
00021112 5 52*3=156
00021120 5 71*3=213
00021121 0
00021122 1
00021200 21 33+57=90
00021201 24 36+57=93
00021202 5 69-10=59
00021210 11 13+10=23
00021211 12 310/5=62
00021212 2
00021220 0
00021221 0
00021222 0
00022000 0
00022001 0
00022002 0
00022010 0
00022011 0
00022012 0
00022020 0
00022021 0
00022022 0
00022100 0
00022101 0
00022102 0
00022110 0
00022111 0
00022112 0
00022120 0
00022121 0
00022122 0
00022200 4 25+32=57
00022201 8 65+32=97
00022202 0
00022210 4 19+32=51
00022211 3 61+32=93
00022212 0
00022220 0
00022221 0
00022222 0
00100000 0
00100001 0
00100002 0
00100010 0
00100011 0
00100012 0
00100020 0
00100021 0
00100022 0
00100100 7 70/5-9=5
00100101 15 609/87=7
00100102 11 9-16+7=0
00100110 67 5+11-9=7
00100111 57 6+10-9=7
00100112 24 9*1+5=14
00100120 0
00100121 0
00100122 0
00100200 0
00100201 3 9*9-6=75
00100202 3 7*9-7=56
00100210 3 100-9=91
00100211 4 106-9=97
00100212 2
00100220 16 9+7-5=11
00100221 15 9-5+6=10
00100222 1
00101000 0
00101001 0
00101002 0
00101010 0
00101011 0
00101012 0
00101020 0
00101021 0
00101022 0
00101100 17 7-25/5=2
00101101 11 6-20/5=2
00101102 6 56/7-2=6
00101110 89 2+10/2=7
00101111 51 2+10/2=7
00101112 19 1+72/9=9
00101120 0
00101121 0
00101122 0
00101200 2
00101201 6 5*7-6=29
00101202 2
00101210 3 102-7=95
00101211 6 6+7+1=14
00101212 1
00101220 12 5-2+7=10
00101221 13 7-2+6=11
00101222 1
00102000 0
00102001 0
00102002 0
00102010 0
00102011 0
00102012 0
00102020 0
00102021 0
00102022 0
00102100 2
00102101 6 7*5-26=9
00102102 2
00102110 0
00102111 4 5*6-29=1
00102112 0
00102120 0
00102121 0
00102122 0
00102200 1
00102201 2
00102202 0
00102210 1
00102211 2
00102212 0
00102220 8 7+5-2=10
00102221 5 7+6-2=11
00102222 3 9+9-2=16
00110000 0
00110001 0
00110002 0
00110010 0
00110011 0
00110012 0
00110020 0
00110021 0
00110022 0
00110100 16 75/5/3=5
00110101 37 60/6-7=3
00110102 6 609/7=87
00110110 66 3+11-5=9
00110111 39 6*3-15=3
00110112 9 3*7-15=6
00110120 0
00110121 0
00110122 0
00110200 2
00110201 14 7*5-30=5
00110202 4 7+5+1=13
00110210 2
00110211 7 6*9-3=51
00110212 1
00110220 26 9+5-3=11
00110221 14 6+7*1=13
00110222 2
00111000 0
00111001 0
00111002 0
00111010 0
00111011 0
00111012 0
00111020 0
00111021 0
00111022 0
00111100 22 54/9-3=3
00111101 14 6-36/9=2
00111102 1
00111110 52 30/5+3=9
00111111 18 6-12/3=2
00111112 6 3-9+12=6
00111120 0
00111121 0
00111122 0
00111200 7 355/5=71
00111201 4 6*5-7=23
00111202 0
00111210 4 34-15=19
00111211 2
00111212 2
00111220 14 5*2+3=13
00111221 8 6*3-6=12
00111222 0
00112000 0
00112001 0
00112002 0
00112010 0
00112011 0
00112012 0
00112020 0
00112021 0
00112022 0
00112100 10 1-9+10=2
00112101 4 6*5-27=3
00112102 0
00112110 4 3*7-20=1
00112111 2
00112112 2
00112120 0
00112121 0
00112122 0
00112200 5 395/5=79
00112201 0
00112202 0
00112210 0
00112211 0
00112212 0
00112220 6 3+9-2=10
00112221 2
00112222 2
00120000 0
00120001 0
00120002 0
00120010 0
00120011 0
00120012 0
00120020 0
00120021 0
00120022 0
00120100 3 30/3-7=3
00120101 8 1+15-7=9
00120102 3 15/1-9=6
00120110 21 5+13-9=9
00120111 4 7-13+6=0
00120112 2
00120120 0
00120121 0
00120122 0
00120200 0
00120201 0
00120202 0
00120210 0
00120211 0
00120212 0
00120220 0
00120221 0
00120222 0
00121000 0
00121001 0
00121002 0
00121010 0
00121011 0
00121012 0
00121020 0
00121021 0
00121022 0
00121100 5 33/3-9=2
00121101 2
00121102 1
00121110 8 15/3-3=2
00121111 5 21/3-6=1
00121112 3 21/3-1=6
00121120 0
00121121 0
00121122 0
00121200 0
00121201 0
00121202 0
00121210 0
00121211 0
00121212 0
00121220 0
00121221 0
00121222 0
00122000 0
00122001 0
00122002 0
00122010 0
00122011 0
00122012 0
00122020 0
00122021 0
00122022 0
00122100 0
00122101 0
00122102 0
00122110 0
00122111 0
00122112 0
00122120 0
00122121 0
00122122 0
00122200 0
00122201 0
00122202 0
00122210 0
00122211 0
00122212 0
00122220 0
00122221 0
00122222 0
00200000 0
00200001 0
00200002 0
00200010 0
00200011 0
00200012 0
00200020 0
00200021 0
00200022 0
00200100 5 1+15-7=9
00200101 3 59-9*6=5
00200102 5 60-9*6=6
00200110 57 15+1-7=9
00200111 37 15/1-6=9
00200112 18 70/5-9=5
00200120 0
00200121 0
00200122 0
00200200 0
00200201 0
00200202 0
00200210 6 90-19=71
00200211 34 70-11=59
00200212 8 91-15=76
00200220 6 70-59=11
00200221 34 11+59=70
00200222 8 91-75=16
00201000 0
00201001 0
00201002 0
00201010 0
00201011 0
00201012 0
00201020 0
00201021 0
00201022 0
00201100 19 72-9*7=9
00201101 14 22-7-6=9
00201102 7 22-9-7=6
00201110 71 25-9*2=7
00201111 42 12+2-9=5
00201112 18 10/2*1=5
00201120 0
00201121 0
00201122 0
00201200 43 72+25=97
00201201 19 96-69=27
00201202 10 55-29=26
00201210 21 105/5=21
00201211 29 97-25=72
00201212 9 91-65=26
00201220 19 95-25=70
00201221 12 92-65=27
00201222 4 72-56=16
00202000 0
00202001 0
00202002 0
00202010 0
00202011 0
00202012 0
00202020 0
00202021 0
00202022 0
00202100 0
00202101 0
00202102 0
00202110 0
00202111 0
00202112 0
00202120 0
00202121 0
00202122 0
00202200 12 77-52=25
00202201 0
00202202 0
00202210 3 71-12=59
00202211 8 77-12=65
00202212 0
00202220 5 71-52=19
00202221 6 79-62=17
00202222 0
00210000 0
00210001 0
00210002 0
00210010 0
00210011 0
00210012 0
00210020 0
00210021 0
00210022 0
00210100 5 30-7*3=9
00210101 21 67*9=603
00210102 3 36-6*5=6
00210110 51 17*9=153
00210111 22 60/6-3=7
00210112 10 34*5=170
00210120 0
00210121 0
00210122 0
00210200 3 90-57=33
00210201 16 59+20=79
00210202 4 99-63=36
00210210 11 873/9=97
00210211 21 75+15=90
00210212 9 79-13=66
00210220 9 98-57=41
00210221 15 69-19=50
00210222 7 79-63=16
00211000 0
00211001 0
00211002 0
00211010 0
00211011 0
00211012 0
00211020 0
00211021 0
00211022 0
00211100 20 6/27*9=2
00211101 7 25-6*3=7
00211102 1
00211110 33 27*9=243
00211111 15 7*56=392
00211112 7 11-2-3=6
00211120 0
00211121 0
00211122 0
00211200 33 93-73=20
00211201 37 53+20=73
00211202 13 79-53=26
00211210 35 51+19=70
00211211 19 35+26=61
00211212 6 69-19=50
00211220 30 37+53=90
00211221 12 35+36=71
00211222 5 29-13=16
00212000 0
00212001 0
00212002 0
00212010 0
00212011 0
00212012 0
00212020 0
00212021 0
00212022 0
00212100 0
00212101 0
00212102 0
00212110 0
00212111 0
00212112 0
00212120 0
00212121 0
00212122 0
00212200 8 57-22=35
00212201 4 97-62=35
00212202 0
00212210 12 73-52=21
00212211 6 65-12=53
00212212 0
00212220 8 15/1-9=6
00212221 4 63-52=11
00212222 0
00220000 0
00220001 0
00220002 0
00220010 0
00220011 0
00220012 0
00220020 0
00220021 0
00220022 0
00220100 2
00220101 1
00220102 1
00220110 25 1+15-9=7
00220111 5 19-3*6=1
00220112 4 15-3-6=6
00220120 0
00220121 0
00220122 0
00220200 6 90-37=53
00220201 32 33+57=90
00220202 8 75-39=36
00220210 4 90-39=51
00220211 12 67-36=31
00220212 4 71-35=36
00220220 5 54+37=91
00220221 5 56-37=19
00220222 3 51-35=16
00221000 0
00221001 0
00221002 0
00221010 0
00221011 0
00221012 0
00221020 0
00221021 0
00221022 0
00221100 6 29-3*9=2
00221101 5 26-3*7=5
00221102 1
00221110 17 12/1-5=7
00221111 3 11-3-6=2
00221112 4 11-3-2=6
00221120 0
00221121 0
00221122 0
00221200 21 90-33=57
00221201 22 90-37=53
00221202 7 59-33=26
00221210 6 53-31=22
00221211 11 61+11=72
00221212 2
00221220 5 34-15=19
00221221 0
00221222 1
00222000 0
00222001 0
00222002 0
00222010 0
00222011 0
00222012 0
00222020 0
00222021 0
00222022 0
00222100 0
00222101 0
00222102 0
00222110 0
00222111 0
00222112 0
00222120 0
00222121 0
00222122 0
00222200 4 57-32=25
00222201 8 67-32=35
00222202 0
00222210 3 53-32=21
00222211 3 63-32=31
00222212 0
00222220 1
00222221 0
00222222 0
01000000 0
01000001 0
01000002 0
01000010 0
01000011 0
01000012 0
01000020 0
01000021 0
01000022 0
01000100 6 9*95=855
01000101 33 6*98=588
01000102 5 7*98=686
01000110 29 8+9*9=89
01000111 40 1*56/7=8
01000112 4 108/18=6
01000120 4 90*9=810
01000121 2
01000122 5 6*86=516
01000200 22 9*9+8=89
01000201 38 7*9-8=55
01000202 8 6*8+8=56
01000210 87 70-19=51
01000211 55 59+11=70
01000212 31 108/12=9
01000220 47 8*1+9=17
01000221 20 696/87=8
01000222 12 7*8+1=57
01001000 0
01001001 0
01001002 0
01001010 0
01001011 0
01001012 0
01001020 0
01001021 0
01001022 0
01001100 47 8*26=208
01001101 32 26*8=208
01001102 9 82*8=656
01001110 75 9*21=189
01001111 58 16*1/8=2
01001112 13 8*91=728
01001120 4 89*8=712
01001121 1
01001122 3 2*58=116
01001200 71 2+7*8=58
01001201 71 20+78=98
01001202 22 2+9+6=17
01001210 64 11+78=89
01001211 52 61+15=76
01001212 4 61+25=86
01001220 51 2*9/1=18
01001221 12 9/6*8=12
01001222 12 1*2*8=16
01002000 0
01002001 0
01002002 0
01002010 0
01002011 0
01002012 0
01002020 0
01002021 0
01002022 0
01002100 10 5*8/20=2
01002101 1
01002102 0
01002110 1
01002111 5 160/20=8
01002112 1
01002120 0
01002121 0
01002122 0
01002200 13 8+7*2=22
01002201 16 2+8*7=58
01002202 4 6*8*2=96
01002210 20 13+57=70
01002211 17 71+14=85
01002212 1
01002220 28 8/1*9=72
01002221 4 6*6/2=18
01002222 5 1*8*2=16
01010000 0
01010001 0
01010002 0
01010010 0
01010011 0
01010012 0
01010020 0
01010021 0
01010022 0
01010100 15 77*5=385
01010101 7 30/6+3=8
01010102 4 8*67=536
01010110 18 3+18/9=5
01010111 38 6*65=390
01010112 14 3*18/9=6
01010120 0
01010121 1
01010122 0
01010200 47 7*9-5=58
01010201 26 7*8+3=59
01010202 3 30+56=86
01010210 52 13+59=72
01010211 39 63+16=79
01010212 9 15/1-9=6
01010220 43 8*1+7=15
01010221 29 603/67=9
01010222 10 588/84=7
01011000 0
01011001 0
01011002 0
01011010 0
01011011 0
01011012 0
01011020 0
01011021 0
01011022 0
01011100 31 2*28/7=8
01011101 34 9*32=288
01011102 10 7*38=266
01011110 18 2+18/3=8
01011111 8 616/88=7
01011112 4 3*62=186
01011120 2
01011121 0
01011122 0
01011200 74 37+53=90
01011201 43 67+28=95
01011202 12 2+3*8=26
01011210 41 87+11=98
01011211 13 63+19=82
01011212 0
01011220 18 8*3+3=27
01011221 0
01011222 0
01012000 0
01012001 0
01012002 0
01012010 0
01012011 0
01012012 0
01012020 0
01012021 0
01012022 0
01012100 1
01012101 0
01012102 0
01012110 0
01012111 0
01012112 1
01012120 0
01012121 0
01012122 0
01012200 9 2+9*7=65
01012201 6 23+62=85
01012202 4 3*8+2=26
01012210 9 71+12=83
01012211 7 26+12=38
01012212 0
01012220 7 3+8*2=19
01012221 0
01012222 0
01020000 0
01020001 0
01020002 0
01020010 0
01020011 0
01020012 0
01020020 0
01020021 0
01020022 0
01020100 1
01020101 2
01020102 0
01020110 5 15/3+3=8
01020111 10 63*3=189
01020112 1
01020120 0
01020121 1
01020122 0
01020200 20 25+70=95
01020201 8 53+36=89
01020202 3 50+36=86
01020210 12 1-7+15=9
01020211 8 31+38=69
01020212 2
01020220 0
01020221 0
01020222 0
01021000 0
01021001 0
01021002 0
01021010 0
01021011 0
01021012 0
01021020 0
01021021 0
01021022 0
01021100 4 54+34=88
01021101 4 89*3=267
01021102 0
01021110 2
01021111 2
01021112 3 2*93=186
01021120 0
01021121 0
01021122 0
01021200 9 52+35=87
01021201 9 27+38=65
01021202 0
01021210 6 21+38=59
01021211 1
01021212 0
01021220 0
01021221 0
01021222 0
01022000 0
01022001 0
01022002 0
01022010 0
01022011 0
01022012 0
01022020 0
01022021 0
01022022 0
01022100 0
01022101 0
01022102 0
01022110 0
01022111 0
01022112 0
01022120 0
01022121 0
01022122 0
01022200 4 55+32=87
01022201 4 69-19=50
01022202 0
01022210 1
01022211 0
01022212 0
01022220 0
01022221 0
01022222 0
01100000 0
01100001 0
01100002 0
01100010 0
01100011 0
01100012 0
01100020 0
01100021 0
01100022 0
01100100 15 1*72/8=9
01100101 19 8*96=768
01100102 7 8*7-50=6
01100110 84 7+10-9=8
01100111 31 6+11-8=9
01100112 11 9-11+8=6
01100120 0
01100121 0
01100122 0
01100200 7 7*9-8=55
01100201 7 9*8-7=65
01100202 3 9*8-6=66
01100210 12 1-8+15=8
01100211 1
01100212 0
01100220 16 8-5+8=11
01100221 6 9+8-6=11
01100222 4 9+8-1=16
01101000 0
01101001 0
01101002 0
01101010 0
01101011 0
01101012 0
01101020 0
01101021 0
01101022 0
01101100 22 9*28=252
01101101 9 56/8-5=2
01101102 0
01101110 69 2+11-8=5
01101111 14 8-16/2=0
01101112 6 2+12-8=6
01101120 0
01101121 0
01101122 0
01101200 4 7*5-8=27
01101201 3 5*6-8=22
01101202 0
01101210 1
01101211 0
01101212 0
01101220 18 8-2+9=15
01101221 4 8*2-6=10
01101222 0
01102000 0
01102001 0
01102002 0
01102010 0
01102011 0
01102012 0
01102020 0
01102021 0
01102022 0
01102100 4 5*7-28=7
01102101 5 5*6-28=2
01102102 0
01102110 0
01102111 0
01102112 0
01102120 0
01102121 0
01102122 0
01102200 2
01102201 3 6*5-2=28
01102202 0
01102210 1
01102211 0
01102212 0
01102220 4 5+8-2=11
01102221 2
01102222 0
01110000 0
01110001 0
01110002 0
01110010 0
01110011 0
01110012 0
01110020 0
01110021 0
01110022 0
01110100 23 8*5-37=3
01110101 11 8*9-69=3
01110102 0
01110110 64 9-30/5=3
01110111 26 6*18=108
01110112 7 3-8+11=6
01110120 0
01110121 0
01110122 0
01110200 14 5*8-7=33
01110201 6 6*8-9=39
01110202 0
01110210 8 5+7*8=61
01110211 2
01110212 0
01110220 24 9*3+8=35
01110221 12 8-3+6=11
01110222 2
01111000 0
01111001 0
01111002 0
01111010 0
01111011 0
01111012 0
01111020 0
01111021 0
01111022 0
01111100 15 58+20=78
01111101 3 72/8-6=3
01111102 1
01111110 22 3*7-18=3
01111111 0
01111112 0
01111120 0
01111121 0
01111122 0
01111200 2
01111201 0
01111202 0
01111210 4 3*8-3=21
01111211 0
01111212 0
01111220 8 8*2-3=13
01111221 0
01111222 0
01112000 0
01112001 0
01112002 0
01112010 0
01112011 0
01112012 0
01112020 0
01112021 0
01112022 0
01112100 2
01112101 0
01112102 0
01112110 4 3*8-23=1
01112111 0
01112112 0
01112120 0
01112121 0
01112122 0
01112200 4 5*8-2=38
01112201 0
01112202 0
01112210 0
01112211 0
01112212 0
01112220 2
01112221 0
01112222 0
01120000 0
01120001 0
01120002 0
01120010 0
01120011 0
01120012 0
01120020 0
01120021 0
01120022 0
01120100 4 39/3-8=5
01120101 0
01120102 0
01120110 11 13+3-8=8
01120111 5 8-13+6=1
01120112 2
01120120 0
01120121 0
01120122 0
01120200 0
01120201 0
01120202 0
01120210 0
01120211 0
01120212 0
01120220 0
01120221 0
01120222 0
01121000 0
01121001 0
01121002 0
01121010 0
01121011 0
01121012 0
01121020 0
01121021 0
01121022 0
01121100 2
01121101 0
01121102 0
01121110 8 2+13-8=7
01121111 0
01121112 0
01121120 0
01121121 0
01121122 0
01121200 0
01121201 0
01121202 0
01121210 0
01121211 0
01121212 0
01121220 0
01121221 0
01121222 0
01122000 0
01122001 0
01122002 0
01122010 0
01122011 0
01122012 0
01122020 0
01122021 0
01122022 0
01122100 0
01122101 0
01122102 0
01122110 0
01122111 0
01122112 0
01122120 0
01122121 0
01122122 0
01122200 0
01122201 0
01122202 0
01122210 0
01122211 0
01122212 0
01122220 0
01122221 0
01122222 0
01200000 0
01200001 0
01200002 0
01200010 0
01200011 0
01200012 0
01200020 0
01200021 0
01200022 0
01200100 8 77-9*8=5
01200101 14 95*8=760
01200102 2
01200110 38 81/9-1=8
01200111 26 16*1-8=8
01200112 4 19-8-5=6
01200120 0
01200121 0
01200122 0
01200200 0
01200201 0
01200202 0
01200210 30 19+51=70
01200211 26 89-11=78
01200212 6 81-15=66
01200220 30 19+51=70
01200221 26 89-11=78
01200222 6 81-65=16
01201000 0
01201001 0
01201002 0
01201010 0
01201011 0
01201012 0
01201020 0
01201021 0
01201022 0
01201100 25 80/5-8=8
01201101 15 62-9*6=8
01201102 7 62-8*7=6
01201110 54 19*8=152
01201111 12 16/8+6=8
01201112 6 1+13-8=6
01201120 0
01201121 0
01201122 0
01201200 21 85-58=27
01201201 43 56-27=29
01201202 6 82-56=26
01201210 24 50+21=71
01201211 22 91-20=71
01201212 5 87-61=26
01201220 12 49/7/7=1
01201221 4 3*9/1=27
01201222 1
01202000 0
01202001 0
01202002 0
01202010 0
01202011 0
01202012 0
01202020 0
01202021 0
01202022 0
01202100 0
01202101 0
01202102 0
01202110 0
01202111 0
01202112 0
01202120 0
01202121 0
01202122 0
01202200 3 50-22=28
01202201 8 90-62=28
01202202 0
01202210 10 69-19=50
01202211 2
01202212 0
01202220 8 89-72=17
01202221 2
01202222 0
01210000 0
01210001 0
01210002 0
01210010 0
01210011 0
01210012 0
01210020 0
01210021 0
01210022 0
01210100 10 75-9*8=3
01210101 5 63-8*7=7
01210102 1
01210110 23 13-5*1=8
01210111 12 1+18/3=7
01210112 3 11-8+3=6
01210120 0
01210121 0
01210122 0
01210200 15 95-25=70
01210201 4 89-56=33
01210202 2
01210210 26 91-58=33
01210211 17 93-15=78
01210212 4 99-13=86
01210220 20 91-78=13
01210221 12 73*6=438
01210222 3 99-83=16
01211000 0
01211001 0
01211002 0
01211010 0
01211011 0
01211012 0
01211020 0
01211021 0
01211022 0
01211100 15 18-8-3=7
01211101 6 26-6*3=8
01211102 2
01211110 16 32/8+3=7
01211111 0
01211112 0
01211120 0
01211121 0
01211122 0
01211200 19 72+23=95
01211201 24 65+25=90
01211202 4 89-63=26
01211210 17 89-58=31
01211211 10 91-68=23
01211212 0
01211220 7 83-71=12
01211221 2
01211222 0
01212000 0
01212001 0
01212002 0
01212010 0
01212011 0
01212012 0
01212020 0
01212021 0
01212022 0
01212100 0
01212101 0
01212102 0
01212110 0
01212111 0
01212112 0
01212120 0
01212121 0
01212122 0
01212200 5 87-52=35
01212201 3 85-62=23
01212202 0
01212210 6 85-12=73
01212211 2
01212212 0
01212220 5 83-72=11
01212221 0
01212222 0
01220000 0
01220001 0
01220002 0
01220010 0
01220011 0
01220012 0
01220020 0
01220021 0
01220022 0
01220100 2
01220101 0
01220102 1
01220110 7 11-3*1=8
01220111 3 17-3-6=8
01220112 1
01220120 0
01220121 0
01220122 0
01220200 21 77-39=38
01220201 5 76-38=38
01220202 2
01220210 8 89-38=51
01220211 7 6*9-53=1
01220212 1
01220220 8 53-38=15
01220221 1
01220222 0
01221000 0
01221001 0
01221002 0
01221010 0
01221011 0
01221012 0
01221020 0
01221021 0
01221022 0
01221100 7 29-3*8=5
01221101 2
01221102 0
01221110 5 12-3-8=1
01221111 0
01221112 0
01221120 0
01221121 0
01221122 0
01221200 6 87-35=52
01221201 8 65-37=28
01221202 0
01221210 4 82-31=51
01221211 2
01221212 0
01221220 1
01221221 0
01221222 0
01222000 0
01222001 0
01222002 0
01222010 0
01222011 0
01222012 0
01222020 0
01222021 0
01222022 0
01222100 0
01222101 0
01222102 0
01222110 0
01222111 0
01222112 0
01222120 0
01222121 0
01222122 0
01222200 6 87-32=55
01222201 1
01222202 0
01222210 1
01222211 0
01222212 0
01222220 1
01222221 0
01222222 0
02000000 0
02000001 0
02000002 0
02000010 0
02000011 0
02000012 0
02000020 0
02000021 0
02000022 0
02000100 0
02000101 5 98*6=588
02000102 2
02000110 4 98+9=107
02000111 4 18/9+6=8
02000112 1
02000120 0
02000121 0
02000122 1
02000200 0
02000201 4 680/8=85
02000202 1
02000210 16 18+81=99
02000211 12 18+69=87
02000212 6 58+18=76
02000220 0
02000221 0
02000222 0
02001000 0
02001001 0
02001002 0
02001010 0
02001011 0
02001012 0
02001020 0
02001021 0
02001022 0
02001100 19 28/8*2=7
02001101 2
02001102 2
02001110 14 18/9/2=1
02001111 3 18/6+2=5
02001112 7 92-65=27
02001120 0
02001121 1
02001122 1
02001200 12 28+59=87
02001201 7 28+69=97
02001202 6 58+28=86
02001210 9 28+71=99
02001211 2
02001212 1
02001220 0
02001221 0
02001222 0
02002000 0
02002001 0
02002002 0
02002010 0
02002011 0
02002012 0
02002020 0
02002021 0
02002022 0
02002100 0
02002101 0
02002102 0
02002110 3 180/20=9
02002111 1
02002112 0
02002120 0
02002121 0
02002122 0
02002200 3 58+22=80
02002201 2
02002202 0
02002210 6 58+12=70
02002211 2
02002212 0
02002220 0
02002221 0
02002222 0
02010000 0
02010001 0
02010002 0
02010010 0
02010011 0
02010012 0
02010020 0
02010021 0
02010022 0
02010100 4 783/87=9
02010101 1
02010102 0
02010110 6 18/9+3=5
02010111 10 15/1/3=5
02010112 6 18*1/3=6
02010120 0
02010121 0
02010122 0
02010200 7 783/9=87
02010201 1
02010202 2
02010210 20 16+55=71
02010211 10 111/37=3
02010212 3 18+18=36
02010220 0
02010221 0
02010222 0
02011000 0
02011001 0
02011002 0
02011010 0
02011011 0
02011012 0
02011020 0
02011021 0
02011022 0
02011100 4 280/35=8
02011101 3 288/96=3
02011102 1
02011110 1
02011111 2
02011112 1
02011120 0
02011121 0
02011122 0
02011200 7 28+55=83
02011201 5 28+65=93
02011202 3 38+28=66
02011210 8 58+23=81
02011211 4 28+63=91
02011212 0
02011220 0
02011221 0
02011222 0
02012000 0
02012001 0
02012002 0
02012010 0
02012011 0
02012012 0
02012020 0
02012021 0
02012022 0
02012100 0
02012101 0
02012102 0
02012110 0
02012111 0
02012112 0
02012120 0
02012121 0
02012122 0
02012200 1
02012201 1
02012202 0
02012210 2
02012211 1
02012212 0
02012220 0
02012221 0
02012222 0
02020000 0
02020001 0
02020002 0
02020010 0
02020011 0
02020012 0
02020020 0
02020021 0
02020022 0
02020100 0
02020101 0
02020102 0
02020110 3 98+3=101
02020111 2
02020112 3 18/3/1=6
02020120 0
02020121 0
02020122 0
02020200 7 38+39=77
02020201 2
02020202 2
02020210 7 18+35=53
02020211 2
02020212 1
02020220 0
02020221 0
02020222 0
02021000 0
02021001 0
02021002 0
02021010 0
02021011 0
02021012 0
02021020 0
02021021 0
02021022 0
02021100 0
02021101 0
02021102 0
02021110 3 18/3/3=2
02021111 0
02021112 0
02021120 0
02021121 0
02021122 0
02021200 1
02021201 3 28+39=67
02021202 1
02021210 1
02021211 1
02021212 0
02021220 0
02021221 0
02021222 0
02022000 0
02022001 0
02022002 0
02022010 0
02022011 0
02022012 0
02022020 0
02022021 0
02022022 0
02022100 0
02022101 0
02022102 0
02022110 0
02022111 0
02022112 0
02022120 0
02022121 0
02022122 0
02022200 2
02022201 1
02022202 0
02022210 1
02022211 0
02022212 0
02022220 0
02022221 0
02022222 0
02100000 0
02100001 0
02100002 0
02100010 0
02100011 0
02100012 0
02100020 0
02100021 0
02100022 0
02100100 3 98/7-9=5
02100101 5 78/6-8=5
02100102 3 78/6-7=6
02100110 3 18/9-1=1
02100111 0
02100112 0
02100120 0
02100121 0
02100122 0
02100200 0
02100201 0
02100202 0
02100210 0
02100211 0
02100212 0
02100220 0
02100221 0
02100222 0
02101000 0
02101001 0
02101002 0
02101010 0
02101011 0
02101012 0
02101020 0
02101021 0
02101022 0
02101100 6 28/2-9=5
02101101 1
02101102 1
02101110 6 72/9-1=7
02101111 2
02101112 0
02101120 0
02101121 0
02101122 0
02101200 0
02101201 0
02101202 0
02101210 0
02101211 0
02101212 0
02101220 0
02101221 0
02101222 0
02102000 0
02102001 0
02102002 0
02102010 0
02102011 0
02102012 0
02102020 0
02102021 0
02102022 0
02102100 0
02102101 0
02102102 0
02102110 0
02102111 0
02102112 0
02102120 0
02102121 0
02102122 0
02102200 0
02102201 0
02102202 0
02102210 0
02102211 0
02102212 0
02102220 0
02102221 0
02102222 0
02110000 0
02110001 0
02110002 0
02110010 0
02110011 0
02110012 0
02110020 0
02110021 0
02110022 0
02110100 2
02110101 0
02110102 0
02110110 0
02110111 1
02110112 0
02110120 0
02110121 0
02110122 0
02110200 0
02110201 0
02110202 0
02110210 0
02110211 0
02110212 0
02110220 0
02110221 0
02110222 0
02111000 0
02111001 0
02111002 0
02111010 0
02111011 0
02111012 0
02111020 0
02111021 0
02111022 0
02111100 0
02111101 0
02111102 0
02111110 2
02111111 1
02111112 1
02111120 0
02111121 0
02111122 0
02111200 0
02111201 0
02111202 0
02111210 0
02111211 0
02111212 0
02111220 0
02111221 0
02111222 0
02112000 0
02112001 0
02112002 0
02112010 0
02112011 0
02112012 0
02112020 0
02112021 0
02112022 0
02112100 0
02112101 0
02112102 0
02112110 0
02112111 0
02112112 0
02112120 0
02112121 0
02112122 0
02112200 0
02112201 0
02112202 0
02112210 0
02112211 0
02112212 0
02112220 0
02112221 0
02112222 0
02120000 0
02120001 0
02120002 0
02120010 0
02120011 0
02120012 0
02120020 0
02120021 0
02120022 0
02120100 0
02120101 0
02120102 0
02120110 3 18/3-5=1
02120111 1
02120112 0
02120120 0
02120121 0
02120122 0
02120200 0
02120201 0
02120202 0
02120210 0
02120211 0
02120212 0
02120220 0
02120221 0
02120222 0
02121000 0
02121001 0
02121002 0
02121010 0
02121011 0
02121012 0
02121020 0
02121021 0
02121022 0
02121100 0
02121101 0
02121102 0
02121110 0
02121111 0
02121112 0
02121120 0
02121121 0
02121122 0
02121200 0
02121201 0
02121202 0
02121210 0
02121211 0
02121212 0
02121220 0
02121221 0
02121222 0
02122000 0
02122001 0
02122002 0
02122010 0
02122011 0
02122012 0
02122020 0
02122021 0
02122022 0
02122100 0
02122101 0
02122102 0
02122110 0
02122111 0
02122112 0
02122120 0
02122121 0
02122122 0
02122200 0
02122201 0
02122202 0
02122210 0
02122211 0
02122212 0
02122220 0
02122221 0
02122222 0
02200000 0
02200001 0
02200002 0
02200010 0
02200011 0
02200012 0
02200020 0
02200021 0
02200022 0
02200100 2
02200101 2
02200102 2
02200110 13 80-8*9=8
02200111 4 18-7-6=5
02200112 3 18-7-5=6
02200120 0
02200121 0
02200122 0
02200200 0
02200201 0
02200202 0
02200210 10 57+20=77
02200211 9 7*2-14=0
02200212 0
02200220 10 39+11=50
02200221 9 408/8=51
02200222 0
02201000 0
02201001 0
02201002 0
02201010 0
02201011 0
02201012 0
02201020 0
02201021 0
02201022 0
02201100 2
02201101 0
02201102 0
02201110 15 36/9-2=2
02201111 0
02201112 2
02201120 0
02201121 0
02201122 0
02201200 11 78-50=28
02201201 12 39+20=59
02201202 0
02201210 8 98-77=21
02201211 8 48+17=65
02201212 0
02201220 4 5+5*7=40
02201221 5 20+71=91
02201222 0
02202000 0
02202001 0
02202002 0
02202010 0
02202011 0
02202012 0
02202020 0
02202021 0
02202022 0
02202100 0
02202101 0
02202102 0
02202110 0
02202111 0
02202112 0
02202120 0
02202121 0
02202122 0
02202200 0
02202201 0
02202202 6 78-52=26
02202210 0
02202211 0
02202212 4 78-12=66
02202220 0
02202221 0
02202222 5 7*2+1=15
02210000 0
02210001 0
02210002 0
02210010 0
02210011 0
02210012 0
02210020 0
02210021 0
02210022 0
02210100 2
02210101 2
02210102 0
02210110 5 18-8-7=3
02210111 4 18-9-6=3
02210112 1
02210120 0
02210121 0
02210122 0
02210200 5 390/5=78
02210201 4 95-70=25
02210202 0
02210210 7 86-51=35
02210211 6 7*2+1=15
02210212 0
02210220 5 98-85=13
02210221 4 68-55=13
02210222 0
02211000 0
02211001 0
02211002 0
02211010 0
02211011 0
02211012 0
02211020 0
02211021 0
02211022 0
02211100 2
02211101 1
02211102 0
02211110 1
02211111 0
02211112 0
02211120 0
02211121 0
02211122 0
02211200 12 93-23=70
02211201 8 69-26=43
02211202 0
02211210 8 4+7-1=10
02211211 1
02211212 0
02211220 8 3*2*5=30
02211221 1
02211222 0
02212000 0
02212001 0
02212002 0
02212010 0
02212011 0
02212012 0
02212020 0
02212021 0
02212022 0
02212100 0
02212101 0
02212102 0
02212110 0
02212111 0
02212112 0
02212120 0
02212121 0
02212122 0
02212200 0
02212201 0
02212202 3 58-22=36
02212210 0
02212211 0
02212212 1
02212220 0
02212221 0
02212222 1
02220000 0
02220001 0
02220002 0
02220010 0
02220011 0
02220012 0
02220020 0
02220021 0
02220022 0
02220100 0
02220101 0
02220102 0
02220110 4 12*9=108
02220111 2
02220112 1
02220120 0
02220121 0
02220122 0
02220200 6 390/5=78
02220201 8 93-13=80
02220202 0
02220210 2
02220211 4 68-37=31
02220212 0
02220220 1
02220221 0
02220222 0
02221000 0
02221001 0
02221002 0
02221010 0
02221011 0
02221012 0
02221020 0
02221021 0
02221022 0
02221100 1
02221101 0
02221102 0
02221110 1
02221111 0
02221112 0
02221120 0
02221121 0
02221122 0
02221200 4 7*8-56=0
02221201 5 68-39=29
02221202 0
02221210 2
02221211 0
02221212 0
02221220 0
02221221 0
02221222 0
02222000 0
02222001 0
02222002 0
02222010 0
02222011 0
02222012 0
02222020 0
02222021 0
02222022 0
02222100 0
02222101 0
02222102 0
02222110 0
02222111 0
02222112 0
02222120 0
02222121 0
02222122 0
02222200 0
02222201 0
02222202 4 69-19=50
02222210 0
02222211 0
02222212 0
02222220 0
02222221 0
02222222 0
10000000 0
10000001 0
10000002 0
10000010 0
10000011 0
10000012 0
10000020 0
10000021 0
10000022 0
10000100 15 99*5=495
10000101 30 94*5=470
10000102 10 64*9=576
10000110 38 5*9/45=1
10000111 36 9*49=441
10000112 13 54*1/9=6
10000120 0
10000121 5 6*69=414
10000122 0
10000200 31 9+5*9=54
10000201 19 6+7+6=19
10000202 7 69-10=59
10000210 57 171/9=19
10000211 76 14+76=90
10000212 12 165/55=3
10000220 39 9/1+5=14
10000221 31 6*7-41=1
10000222 8 7+5+4=16
10001000 0
10001001 0
10001002 0
10001010 0
10001011 0
10001012 0
10001020 0
10001021 0
10001022 0
10001100 33 7*42=294
10001101 42 6*94=564
10001102 13 64*4=256
10001110 106 2*14/7=4
10001111 43 2*14/4=7
10001112 22 1*24/4=6
10001120 3 57*2=114
10001121 0
10001122 4 29*4=116
10001200 85 55+24=79
10001201 60 25+49=74
10001202 24 50+24=74
10001210 75 25+24=49
10001211 59 246/6=41
10001212 15 15+49=64
10001220 32 2*4+7=15
10001221 10 2+6+6=14
10001222 3 2*6+4=16
10002000 0
10002001 0
10002002 0
10002010 0
10002011 0
10002012 0
10002020 0
10002021 0
10002022 0
10002100 0
10002101 0
10002102 0
10002110 9 120/24=5
10002111 5 116/29=4
10002112 3 144/24=6
10002120 0
10002121 0
10002122 0
10002200 17 95*2=190
10002201 9 69-25=44
10002202 9 54+22=76
10002210 15 25+24=49
10002211 6 12+62=74
10002212 6 64+12=76
10002220 14 7/1*2=14
10002221 7 6*4/2=12
10002222 1
10010000 0
10010001 0
10010002 0
10010010 0
10010011 0
10010012 0
10010020 0
10010021 0
10010022 0
10010100 11 75*4=300
10010101 23 60/5/3=4
10010102 6 99*4=396
10010110 20 39+44=83
10010111 35 36*1/4=9
10010112 5 39*4=156
10010120 3 7*59=413
10010121 0
10010122 1
10010200 54 5*7+9=44
10010201 44 5*6*3=90
10010202 7 304/4=76
10010210 74 37+14=51
10010211 50 11+64=75
10010212 15 1/2*10=5
10010220 33 5+4*7=33
10010221 14 6+3+6=15
10010222 5 3+9+4=16
10011000 0
10011001 0
10011002 0
10011010 0
10011011 0
10011012 0
10011020 0
10011021 0
10011022 0
10011100 33 72/9/4=2
10011101 35 76*4=304
10011102 6 204/34=6
10011110 42 1*16/4=4
10011111 9 3*64=192
10011112 4 3*42=126
10011120 1
10011121 0
10011122 0
10011200 69 34+43=77
10011201 43 33+24=57
10011202 9 322/7=46
10011210 76 34+13=47
10011211 14 91-27=64
10011212 3 22+14=36
10011220 27 3*5+4=19
10011221 0
10011222 0
10012000 0
10012001 0
10012002 0
10012010 0
10012011 0
10012012 0
10012020 0
10012021 0
10012022 0
10012100 1
10012101 1
10012102 0
10012110 0
10012111 0
10012112 0
10012120 0
10012121 0
10012122 0
10012200 14 35+19=54
10012201 2
10012202 3 69-19=50
10012210 13 32-17=15
10012211 3 146/2=73
10012212 3 24+12=36
10012220 6 3+9+2=14
10012221 0
10012222 0
10020000 0
10020001 0
10020002 0
10020010 0
10020011 0
10020012 0
10020020 0
10020021 0
10020022 0
10020100 1
10020101 6 36/3/4=3
10020102 1
10020110 2
10020111 2
10020112 1
10020120 0
10020121 0
10020122 0
10020200 10 39+35=74
10020201 16 34+36=70
10020202 0
10020210 32 94-20=74
10020211 14 96-51=45
10020212 5 10+41=51
10020220 0
10020221 0
10020222 0
10021000 0
10021001 0
10021002 0
10021010 0
10021011 0
10021012 0
10021020 0
10021021 0
10021022 0
10021100 5 54/3/9=2
10021101 1
10021102 1
10021110 8 12*3/9=4
10021111 2
10021112 1
10021120 1
10021121 0
10021122 0
10021200 6 235/47=5
10021201 7 69-26=43
10021202 3 32+34=66
10021210 10 133/19=7
10021211 2
10021212 1
10021220 0
10021221 0
10021222 0
10022000 0
10022001 0
10022002 0
10022010 0
10022011 0
10022012 0
10022020 0
10022021 0
10022022 0
10022100 0
10022101 0
10022102 0
10022110 0
10022111 0
10022112 0
10022120 0
10022121 0
10022122 0
10022200 1
10022201 2
10022202 3 64+32=96
10022210 6 51-17=34
10022211 0
10022212 1
10022220 0
10022221 0
10022222 0
10100000 0
10100001 0
10100002 0
10100010 0
10100011 0
10100012 0
10100020 0
10100021 0
10100022 0
10100100 24 92*5=460
10100101 31 9*56=504
10100102 5 69-19=50
10100110 66 5+1*9=14
10100111 30 6-14+9=1
10100112 9 1*11-2=9
10100120 0
10100121 0
10100122 0
10100200 11 9*9-7=74
10100201 8 6*9-9=45
10100202 0
10100210 9 5*1+9=14
10100211 3 6*7-1=41
10100212 1
10100220 14 5*4-9=11
10100221 12 6-4+9=11
10100222 1
10101000 0
10101001 0
10101002 0
10101010 0
10101011 0
10101012 0
10101020 0
10101021 0
10101022 0
10101100 23 53*9=477
10101101 19 72/9/4=2
10101102 3 24/2-6=6
10101110 63 7-12/4=4
10101111 7 5-24/6=1
10101112 2
10101120 0
10101121 0
10101122 0
10101200 4 9*4-9=27
10101201 4 5*6-6=24
10101202 2
10101210 4 7*4-7=21
10101211 0
10101212 0
10101220 13 7-2+9=14
10101221 0
10101222 0
10102000 0
10102001 0
10102002 0
10102010 0
10102011 0
10102012 0
10102020 0
10102021 0
10102022 0
10102100 4 9*4-29=7
10102101 6 6*4-20=4
10102102 3 6*5-24=6
10102110 4 5*5-24=1
10102111 0
10102112 0
10102120 0
10102121 0
10102122 0
10102200 1
10102201 3 6*7-2=40
10102202 1
10102210 0
10102211 0
10102212 0
10102220 3 7+9-2=14
10102221 0
10102222 0
10110000 0
10110001 0
10110002 0
10110010 0
10110011 0
10110012 0
10110020 0
10110021 0
10110022 0
10110100 6 54/9-3=3
10110101 14 63/9-4=3
10110102 4 54/6-3=6
10110110 35 3*5-11=4
10110111 7 30/6-4=1
10110112 0
10110120 0
10110121 0
10110122 0
10110200 1
10110201 2
10110202 1
10110210 8 5*7-4=31
10110211 0
10110212 0
10110220 13 315/45=7
10110221 2
10110222 0
10111000 0
10111001 0
10111002 0
10111010 0
10111011 0
10111012 0
10111020 0
10111021 0
10111022 0
10111100 18 6*54=324
10111101 8 32/4-6=2
10111102 1
10111110 10 3-12/4=0
10111111 3 24/6-3=1
10111112 0
10111120 0
10111121 0
10111122 0
10111200 9 3*9-4=23
10111201 1
10111202 0
10111210 0
10111211 2
10111212 0
10111220 0
10111221 0
10111222 0
10112000 0
10112001 0
10112002 0
10112010 0
10112011 0
10112012 0
10112020 0
10112021 0
10112022 0
10112100 6 3*9-24=3
10112101 0
10112102 0
10112110 0
10112111 2
10112112 0
10112120 0
10112121 0
10112122 0
10112200 3 5*9-2=43
10112201 1
10112202 0
10112210 0
10112211 0
10112212 0
10112220 1
10112221 0
10112222 0
10120000 0
10120001 0
10120002 0
10120010 0
10120011 0
10120012 0
10120020 0
10120021 0
10120022 0
10120100 5 33/3-7=4
10120101 1
10120102 1
10120110 7 1*13-9=4
10120111 0
10120112 0
10120120 0
10120121 0
10120122 0
10120200 0
10120201 0
10120202 0
10120210 0
10120211 0
10120212 0
10120220 0
10120221 0
10120222 0
10121000 0
10121001 0
10121002 0
10121010 0
10121011 0
10121012 0
10121020 0
10121021 0
10121022 0
10121100 5 27/3-5=4
10121101 1
10121102 1
10121110 5 1+14/7=3
10121111 0
10121112 0
10121120 0
10121121 0
10121122 0
10121200 0
10121201 0
10121202 0
10121210 0
10121211 0
10121212 0
10121220 0
10121221 0
10121222 0
10122000 0
10122001 0
10122002 0
10122010 0
10122011 0
10122012 0
10122020 0
10122021 0
10122022 0
10122100 0
10122101 0
10122102 0
10122110 0
10122111 0
10122112 0
10122120 0
10122121 0
10122122 0
10122200 0
10122201 0
10122202 0
10122210 0
10122211 0
10122212 0
10122220 0
10122221 0
10122222 0
10200000 0
10200001 0
10200002 0
10200010 0
10200011 0
10200012 0
10200020 0
10200021 0
10200022 0
10200100 3 54-9*5=9
10200101 4 67-9*7=4
10200102 0
10200110 49 24/4-1=5
10200111 39 56/7-4=4
10200112 18 94*5=470
10200120 0
10200121 0
10200122 0
10200200 26 54*5=270
10200201 6 95-46=49
10200202 4 90-44=46
10200210 37 51+44=95
10200211 38 55-11=44
10200212 10 57-11=46
10200220 25 51+44=95
10200221 31 55-41=14
10200222 7 65-49=16
10201000 0
10201001 0
10201002 0
10201010 0
10201011 0
10201012 0
10201020 0
10201021 0
10201022 0
10201100 26 72/9-4=4
10201101 8 24-9-6=9
10201102 6 9-14+9=4
10201110 54 42*7=294
10201111 11 12-6-4=2
10201112 6 12-4-2=6
10201120 0
10201121 0
10201122 0
10201200 39 79-55=24
10201201 55 79-29=50
10201202 12 66-40=26
10201210 27 25+24=49
10201211 28 21+24=45
10201212 5 71-45=26
10201220 10 29-15=14
10201221 7 62-47=15
10201222 1
10202000 0
10202001 0
10202002 0
10202010 0
10202011 0
10202012 0
10202020 0
10202021 0
10202022 0
10202100 0
10202101 0
10202102 0
10202110 0
10202111 0
10202112 0
10202120 0
10202121 0
10202122 0
10202200 12 69-24=45
10202201 16 69-25=44
10202202 0
10202210 7 69-24=45
10202211 6 66-12=54
10202212 0
10202220 5 5+5*7=40
10202221 7 64-52=12
10202222 0
10210000 0
10210001 0
10210002 0
10210010 0
10210011 0
10210012 0
10210020 0
10210021 0
10210022 0
10210100 13 35/5-4=3
10210101 6 33-6*4=9
10210102 4 30-6*4=6
10210110 31 5*94=470
10210111 13 32/4-5=3
10210112 2
10210120 0
10210121 0
10210122 0
10210200 32 37+53=90
10210201 15 90-56=34
10210202 6 76-40=36
10210210 29 55-11=44
10210211 23 67-13=54
10210212 4 77-41=36
10210220 17 74+19=93
10210221 16 67-53=14
10210222 3 63-47=16
10211000 0
10211001 0
10211002 0
10211010 0
10211011 0
10211012 0
10211020 0
10211021 0
10211022 0
10211100 10 34-4*7=6
10211101 3 22-6*3=4
10211102 1
10211110 22 93*4=372
10211111 0
10211112 0
10211120 0
10211121 0
10211122 0
10211200 36 72-43=29
10211201 29 57-24=33
10211202 5 73-27=46
10211210 28 95-21=74
10211211 11 57-13=44
10211212 0
10211220 16 85-11=74
10211221 3 62-49=13
10211222 0
10212000 0
10212001 0
10212002 0
10212010 0
10212011 0
10212012 0
10212020 0
10212021 0
10212022 0
10212100 0
10212101 0
10212102 0
10212110 0
10212111 0
10212112 0
10212120 0
10212121 0
10212122 0
10212200 8 69-24=45
10212201 6 65-42=23
10212202 0
10212210 6 53-12=41
10212211 3 63-42=21
10212212 0
10212220 3 53-42=11
10212221 1
10212222 0
10220000 0
10220001 0
10220002 0
10220010 0
10220011 0
10220012 0
10220020 0
10220021 0
10220022 0
10220100 1
10220101 0
10220102 0
10220110 13 94*5=470
10220111 5 13-3-6=4
10220112 2
10220120 0
10220121 0
10220122 0
10220200 25 93-54=39
10220201 17 70-36=34
10220202 4 76-30=46
10220210 10 75-34=41
10220211 11 65-34=31
10220212 1
10220220 7 846/9=94
10220221 1
10220222 1
10221000 0
10221001 0
10221002 0
10221010 0
10221011 0
10221012 0
10221020 0
10221021 0
10221022 0
10221100 3 24-3*7=3
10221101 1
10221102 1
10221110 8 14-3*4=2
10221111 0
10221112 0
10221120 0
10221121 0
10221122 0
10221200 10 69-25=44
10221201 10 63-39=24
10221202 1
10221210 6 73-31=42
10221211 2
10221212 0
10221220 0
10221221 0
10221222 0
10222000 0
10222001 0
10222002 0
10222010 0
10222011 0
10222012 0
10222020 0
10222021 0
10222022 0
10222100 0
10222101 0
10222102 0
10222110 0
10222111 0
10222112 0
10222120 0
10222121 0
10222122 0
10222200 6 69-24=45
10222201 6 66-17=49
10222202 0
10222210 1
10222211 0
10222212 0
10222220 0
10222221 0
10222222 0
11000000 0
11000001 0
11000002 0
11000010 0
11000011 0
11000012 0
11000020 0
11000021 0
11000022 0
11000100 20 5*89=445
11000101 34 6*78=468
11000102 12 8*57=456
11000110 37 8*7-48=8
11000111 34 6*68=408
11000112 6 6*81=486
11000120 2
11000121 0
11000122 0
11000200 29 5+9*8=77
11000201 26 8*63=504
11000202 8 9*8+4=76
11000210 54 141/47=3
11000211 48 696/8=87
11000212 0
11000220 37 81+14=95
11000221 16 6+8*6=54
11000222 3 8+4+4=16
11001000 0
11001001 0
11001002 0
11001010 0
11001011 0
11001012 0
11001020 0
11001021 0
11001022 0
11001100 39 5*94=470
11001101 37 6*82=492
11001102 7 24*2/8=6
11001110 40 5*94=470
11001111 32 12*2/6=4
11001112 2
11001120 4 8*14=112
11001121 2
11001122 2
11001200 49 5*7+9=44
11001201 48 64+24=88
11001202 2
11001210 37 294/7=42
11001211 17 25+44=69
11001212 4 72+14=86
11001220 15 2*1+8=10
11001221 4 6*8/4=12
11001222 3 8+2*4=16
11002000 0
11002001 0
11002002 0
11002010 0
11002011 0
11002012 0
11002020 0
11002021 0
11002022 0
11002100 1
11002101 3 6*8/24=2
11002102 1
11002110 7 112/28=4
11002111 1
11002112 0
11002120 0
11002121 0
11002122 0
11002200 5 5*8+2=42
11002201 11 62+22=84
11002202 2
11002210 7 72+12=84
11002211 4 128/2=64
11002212 4 74+12=86
11002220 3 8+4/2=10
11002221 0
11002222 2
11010000 0
11010001 0
11010002 0
11010010 0
11010011 0
11010012 0
11010020 0
11010021 0
11010022 0
11010100 31 87*4=348
11010101 33 56*8=448
11010102 6 7*48=336
11010110 9 37*4=148
11010111 2
11010112 0
11010120 2
11010121 0
11010122 0
11010200 62 9+7*5=44
11010201 22 464/8=58
11010202 12 8+4*7=36
11010210 44 11+74=85
11010211 10 34-15=19
11010212 1
11010220 12 8*4+3=35
11010221 3 3*4+6=18
11010222 0
11011000 0
11011001 0
11011002 0
11011010 0
11011011 0
11011012 0
11011020 0
11011021 0
11011022 0
11011100 51 304/8=38
11011101 10 3*2*8=48
11011102 5 3+24/8=6
11011110 41 2*28/7=8
11011111 0
11011112 0
11011120 0
11011121 0
11011122 0
11011200 51 37+53=90
11011201 20 264/3=88
11011202 1
11011210 33 248/8=31
11011211 5 63+21=84
11011212 0
11011220 3 3*2+8=14
11011221 0
11011222 0
11012000 0
11012001 0
11012002 0
11012010 0
11012011 0
11012012 0
11012020 0
11012021 0
11012022 0
11012100 4 8*9/24=3
11012101 0
11012102 0
11012110 4 3*8/24=1
11012111 0
11012112 0
11012120 0
11012121 0
11012122 0
11012200 5 32+52=84
11012201 1
11012202 1
11012210 1
11012211 1
11012212 0
11012220 1
11012221 0
11012222 0
11020000 0
11020001 0
11020002 0
11020010 0
11020011 0
11020012 0
11020020 0
11020021 0
11020022 0
11020100 7 9*83=747
11020101 6 6*83=498
11020102 0
11020110 1
11020111 0
11020112 0
11020120 1
11020121 0
11020122 0
11020200 7 92-74=18
11020201 4 34+34=68
11020202 0
11020210 11 95-11=84
11020211 1
11020212 0
11020220 0
11020221 0
11020222 0
11021000 0
11021001 0
11021002 0
11021010 0
11021011 0
11021012 0
11021020 0
11021021 0
11021022 0
11021100 8 24*3/9=8
11021101 2
11021102 1
11021110 6 24/3/1=8
11021111 0
11021112 0
11021120 0
11021121 0
11021122 0
11021200 3 24+34=58
11021201 2
11021202 1
11021210 1
11021211 1
11021212 0
11021220 0
11021221 0
11021222 0
11022000 0
11022001 0
11022002 0
11022010 0
11022011 0
11022012 0
11022020 0
11022021 0
11022022 0
11022100 0
11022101 0
11022102 0
11022110 0
11022111 0
11022112 0
11022120 0
11022121 0
11022122 0
11022200 1
11022201 0
11022202 1
11022210 0
11022211 1
11022212 0
11022220 0
11022221 0
11022222 0
11100000 0
11100001 0
11100002 0
11100010 0
11100011 0
11100012 0
11100020 0
11100021 0
11100022 0
11100100 15 86*9=774
11100101 32 608/76=8
11100102 6 92-65=27
11100110 30 7-11+8=4
11100111 29 6-30/6=1
11100112 7 14*1-8=6
11100120 0
11100121 0
11100122 0
11100200 6 7*8-9=47
11100201 11 9*8-8=64
11100202 2
11100210 2
11100211 5 6*8-7=41
11100212 1
11100220 10 8+4-1=11
11100221 5 8-4+6=10
11100222 1
11101000 0
11101001 0
11101002 0
11101010 0
11101011 0
11101012 0
11101020 0
11101021 0
11101022 0
11101100 22 7-24/8=4
11101101 6 8-24/6=4
11101102 4 6*8-42=6
11101110 37 1+12/4=4
11101111 1
11101112 0
11101120 0
11101121 0
11101122 0
11101200 8 73+24=97
11101201 2
11101202 1
11101210 2
11101211 0
11101212 0
11101220 7 8*2-4=12
11101221 0
11101222 0
11102000 0
11102001 0
11102002 0
11102010 0
11102011 0
11102012 0
11102020 0
11102021 0
11102022 0
11102100 7 760/95=8
11102101 0
11102102 1
11102110 0
11102111 0
11102112 0
11102120 0
11102121 0
11102122 0
11102200 2
11102201 0
11102202 2
11102210 0
11102211 0
11102212 0
11102220 5 8+4-2=10
11102221 0
11102222 0
11110000 0
11110001 0
11110002 0
11110010 0
11110011 0
11110012 0
11110020 0
11110021 0
11110022 0
11110100 5 84/7-9=3
11110101 15 6*54=324
11110102 2
11110110 13 8-14+9=3
11110111 2
11110112 0
11110120 0
11110121 0
11110122 0
11110200 0
11110201 10 5+6+3=14
11110202 2
11110210 1
11110211 0
11110212 0
11110220 8 9+8-4=13
11110221 0
11110222 0
11111000 0
11111001 0
11111002 0
11111010 0
11111011 0
11111012 0
11111020 0
11111021 0
11111022 0
11111100 12 3-24/8=0
11111101 1
11111102 0
11111110 1
11111111 0
11111112 0
11111120 0
11111121 0
11111122 0
11111200 4 8*4-9=23
11111201 0
11111202 0
11111210 0
11111211 0
11111212 0
11111220 0
11111221 0
11111222 0
11112000 0
11112001 0
11112002 0
11112010 0
11112011 0
11112012 0
11112020 0
11112021 0
11112022 0
11112100 6 38*8=304
11112101 0
11112102 0
11112110 0
11112111 0
11112112 0
11112120 0
11112121 0
11112122 0
11112200 1
11112201 0
11112202 0
11112210 0
11112211 0
11112212 0
11112220 0
11112221 0
11112222 0
11120000 0
11120001 0
11120002 0
11120010 0
11120011 0
11120012 0
11120020 0
11120021 0
11120022 0
11120100 0
11120101 2
11120102 0
11120110 4 14+3-9=8
11120111 0
11120112 0
11120120 0
11120121 0
11120122 0
11120200 0
11120201 0
11120202 0
11120210 0
11120211 0
11120212 0
11120220 0
11120221 0
11120222 0
11121000 0
11121001 0
11121002 0
11121010 0
11121011 0
11121012 0
11121020 0
11121021 0
11121022 0
11121100 1
11121101 0
11121102 0
11121110 0
11121111 0
11121112 0
11121120 0
11121121 0
11121122 0
11121200 0
11121201 0
11121202 0
11121210 0
11121211 0
11121212 0
11121220 0
11121221 0
11121222 0
11122000 0
11122001 0
11122002 0
11122010 0
11122011 0
11122012 0
11122020 0
11122021 0
11122022 0
11122100 0
11122101 0
11122102 0
11122110 0
11122111 0
11122112 0
11122120 0
11122121 0
11122122 0
11122200 0
11122201 0
11122202 0
11122210 0
11122211 0
11122212 0
11122220 0
11122221 0
11122222 0
11200000 0
11200001 0
11200002 0
11200010 0
11200011 0
11200012 0
11200020 0
11200021 0
11200022 0
11200100 1
11200101 7 76-9*8=4
11200102 2
11200110 26 17-5-4=8
11200111 9 24/6+4=8
11200112 4 14-8/1=6
11200120 0
11200121 0
11200122 0
11200200 15 94-44=50
11200201 3 86-46=40
11200202 2
11200210 24 95-51=44
11200211 18 343/7=49
11200212 6 69-19=50
11200220 14 85-74=11
11200221 15 644/92=7
11200222 5 69-19=50
11201000 0
11201001 0
11201002 0
11201010 0
11201011 0
11201012 0
11201020 0
11201021 0
11201022 0
11201100 17 80-8*9=8
11201101 2
11201102 0
11201110 25 16/4+4=8
11201111 2
11201112 0
11201120 0
11201121 0
11201122 0
11201200 32 87-28=59
11201201 26 94-24=70
11201202 9 92-72=20
11201210 9 72-18=54
11201211 15 92-28=64
11201212 0
11201220 4 72-58=14
11201221 7 82-68=14
11201222 0
11202000 0
11202001 0
11202002 0
11202010 0
11202011 0
11202012 0
11202020 0
11202021 0
11202022 0
11202100 0
11202101 0
11202102 0
11202110 0
11202111 0
11202112 0
11202120 0
11202121 0
11202122 0
11202200 7 69-27=42
11202201 5 84-62=22
11202202 0
11202210 2
11202211 3 96-12=84
11202212 0
11202220 2
11202221 3 86-72=14
11202222 0
11210000 0
11210001 0
11210002 0
11210010 0
11210011 0
11210012 0
11210020 0
11210021 0
11210022 0
11210100 7 37-8*4=5
11210101 4 36-8*4=4
11210102 0
11210110 17 15-8-4=3
11210111 0
11210112 0
11210120 0
11210121 0
11210122 0
11210200 26 43+54=97
11210201 10 24+49=73
11210202 6 7+4*8=39
11210210 24 47+44=91
11210211 8 92-54=38
11210212 2
11210220 8 97-84=13
11210221 7 356/89=4
11210222 1
11211000 0
11211001 0
11211002 0
11211010 0
11211011 0
11211012 0
11211020 0
11211021 0
11211022 0
11211100 6 24-8*3=0
11211101 2
11211102 0
11211110 1
11211111 0
11211112 0
11211120 0
11211121 0
11211122 0
11211200 18 49-24=25
11211201 8 62-28=34
11211202 2
11211210 8 71-48=23
11211211 4 84-63=21
11211212 0
11211220 2
11211221 0
11211222 0
11212000 0
11212001 0
11212002 0
11212010 0
11212011 0
11212012 0
11212020 0
11212021 0
11212022 0
11212100 0
11212101 0
11212102 0
11212110 0
11212111 0
11212112 0
11212120 0
11212121 0
11212122 0
11212200 3 80-42=38
11212201 1
11212202 0
11212210 2
11212211 0
11212212 0
11212220 0
11212221 0
11212222 0
11220000 0
11220001 0
11220002 0
11220010 0
11220011 0
11220012 0
11220020 0
11220021 0
11220022 0
11220100 0
11220101 0
11220102 0
11220110 4 14-3-8=3
11220111 0
11220112 0
11220120 0
11220121 0
11220122 0
11220200 20 39+35=74
11220201 9 24+49=73
11220202 6 24/3-3=5
11220210 12 74-31=43
11220211 1
11220212 1
11220220 0
11220221 1
11220222 1
11221000 0
11221001 0
11221002 0
11221010 0
11221011 0
11221012 0
11221020 0
11221021 0
11221022 0
11221100 2
11221101 0
11221102 0
11221110 1
11221111 0
11221112 0
11221120 0
11221121 0
11221122 0
11221200 11 760/8=95
11221201 4 62-38=24
11221202 2
11221210 1
11221211 0
11221212 0
11221220 2
11221221 0
11221222 0
11222000 0
11222001 0
11222002 0
11222010 0
11222011 0
11222012 0
11222020 0
11222021 0
11222022 0
11222100 0
11222101 0
11222102 0
11222110 0
11222111 0
11222112 0
11222120 0
11222121 0
11222122 0
11222200 2
11222201 1
11222202 0
11222210 1
11222211 0
11222212 0
11222220 0
11222221 0
11222222 0
12000000 0
12000001 0
12000002 0
12000010 0
12000011 0
12000012 0
12000020 0
12000021 0
12000022 0
12000100 6 98*8=784
12000101 5 58*8=464
12000102 3 58*7=406
12000110 7 18/9*4=8
12000111 4 184/46=4
12000112 1
12000120 0
12000121 0
12000122 0
12000200 3 784/8=98
12000201 0
12000202 1
12000210 5 58+41=99
12000211 9 18+49=67
12000212 2
12000220 0
12000221 0
12000222 0
12001000 0
12001001 0
12001002 0
12001010 0
12001011 0
12001012 0
12001020 0
12001021 0
12001022 0
12001100 6 28*8=224
12001101 2
12001102 2
12001110 22 28/7*1=4
12001111 0
12001112 0
12001120 1
12001121 0
12001122 0
12001200 10 58+24=82
12001201 11 35+27=62
12001202 1
12001210 13 78+14=92
12001211 6 28+16=44
12001212 2
12001220 0
12001221 0
12001222 0
12002000 0
12002001 0
12002002 0
12002010 0
12002011 0
12002012 0
12002020 0
12002021 0
12002022 0
12002100 0
12002101 0
12002102 0
12002110 0
12002111 0
12002112 0
12002120 0
12002121 0
12002122 0
12002200 1
12002201 0
12002202 0
12002210 4 18+22=40
12002211 1
12002212 0
12002220 0
12002221 0
12002222 0
12010000 0
12010001 0
12010002 0
12010010 0
12010011 0
12010012 0
12010020 0
12010021 0
12010022 0
12010100 6 584/73=8
12010101 3 58*6=348
12010102 1
12010110 0
12010111 0
12010112 0
12010120 0
12010121 0
12010122 0
12010200 9 38+49=87
12010201 3 38+56=94
12010202 2
12010210 4 38+43=81
12010211 4 38+16=54
12010212 0
12010220 0
12010221 0
12010222 0
12011000 0
12011001 0
12011002 0
12011010 0
12011011 0
12011012 0
12011020 0
12011021 0
12011022 0
12011100 5 58*4=232
12011101 0
12011102 0
12011110 1
12011111 0
12011112 0
12011120 1
12011121 0
12011122 0
12011200 4 28+45=73
12011201 2
12011202 0
12011210 8 28+15=43
12011211 0
12011212 0
12011220 0
12011221 0
12011222 0
12012000 0
12012001 0
12012002 0
12012010 0
12012011 0
12012012 0
12012020 0
12012021 0
12012022 0
12012100 0
12012101 0
12012102 0
12012110 1
12012111 0
12012112 0
12012120 0
12012121 0
12012122 0
12012200 1
12012201 0
12012202 0
12012210 0
12012211 0
12012212 0
12012220 0
12012221 0
12012222 0
12020000 0
12020001 0
12020002 0
12020010 0
12020011 0
12020012 0
12020020 0
12020021 0
12020022 0
12020100 0
12020101 0
12020102 0
12020110 1
12020111 0
12020112 0
12020120 1
12020121 0
12020122 0
12020200 0
12020201 2
12020202 0
12020210 2
12020211 1
12020212 0
12020220 0
12020221 0
12020222 0
12021000 0
12021001 0
12021002 0
12021010 0
12021011 0
12021012 0
12021020 0
12021021 0
12021022 0
12021100 2
12021101 2
12021102 0
12021110 0
12021111 0
12021112 0
12021120 0
12021121 0
12021122 0
12021200 2
12021201 2
12021202 0
12021210 1
12021211 0
12021212 0
12021220 0
12021221 0
12021222 0
12022000 0
12022001 0
12022002 0
12022010 0
12022011 0
12022012 0
12022020 0
12022021 0
12022022 0
12022100 0
12022101 0
12022102 0
12022110 0
12022111 0
12022112 0
12022120 0
12022121 0
12022122 0
12022200 0
12022201 0
12022202 0
12022210 0
12022211 0
12022212 0
12022220 0
12022221 0
12022222 0
12100000 0
12100001 0
12100002 0
12100010 0
12100011 0
12100012 0
12100020 0
12100021 0
12100022 0
12100100 2
12100101 4 78/6-9=4
12100102 0
12100110 0
12100111 0
12100112 0
12100120 0
12100121 0
12100122 0
12100200 0
12100201 0
12100202 0
12100210 0
12100211 0
12100212 0
12100220 0
12100221 0
12100222 0
12101000 0
12101001 0
12101002 0
12101010 0
12101011 0
12101012 0
12101020 0
12101021 0
12101022 0
12101100 4 28/4-5=2
12101101 0
12101102 0
12101110 2
12101111 1
12101112 1
12101120 0
12101121 0
12101122 0
12101200 0
12101201 0
12101202 0
12101210 0
12101211 0
12101212 0
12101220 0
12101221 0
12101222 0
12102000 0
12102001 0
12102002 0
12102010 0
12102011 0
12102012 0
12102020 0
12102021 0
12102022 0
12102100 0
12102101 0
12102102 0
12102110 0
12102111 0
12102112 0
12102120 0
12102121 0
12102122 0
12102200 0
12102201 0
12102202 0
12102210 0
12102211 0
12102212 0
12102220 0
12102221 0
12102222 0
12110000 0
12110001 0
12110002 0
12110010 0
12110011 0
12110012 0
12110020 0
12110021 0
12110022 0
12110100 0
12110101 0
12110102 0
12110110 0
12110111 0
12110112 0
12110120 0
12110121 0
12110122 0
12110200 0
12110201 0
12110202 0
12110210 0
12110211 0
12110212 0
12110220 0
12110221 0
12110222 0
12111000 0
12111001 0
12111002 0
12111010 0
12111011 0
12111012 0
12111020 0
12111021 0
12111022 0
12111100 2
12111101 0
12111102 0
12111110 0
12111111 0
12111112 0
12111120 0
12111121 0
12111122 0
12111200 0
12111201 0
12111202 0
12111210 0
12111211 0
12111212 0
12111220 0
12111221 0
12111222 0
12112000 0
12112001 0
12112002 0
12112010 0
12112011 0
12112012 0
12112020 0
12112021 0
12112022 0
12112100 0
12112101 0
12112102 0
12112110 0
12112111 0
12112112 0
12112120 0
12112121 0
12112122 0
12112200 0
12112201 0
12112202 0
12112210 0
12112211 0
12112212 0
12112220 0
12112221 0
12112222 0
12120000 0
12120001 0
12120002 0
12120010 0
12120011 0
12120012 0
12120020 0
12120021 0
12120022 0
12120100 0
12120101 0
12120102 0
12120110 0
12120111 0
12120112 0
12120120 0
12120121 0
12120122 0
12120200 0
12120201 0
12120202 0
12120210 0
12120211 0
12120212 0
12120220 0
12120221 0
12120222 0
12121000 0
12121001 0
12121002 0
12121010 0
12121011 0
12121012 0
12121020 0
12121021 0
12121022 0
12121100 0
12121101 0
12121102 0
12121110 2
12121111 0
12121112 0
12121120 0
12121121 0
12121122 0
12121200 0
12121201 0
12121202 0
12121210 0
12121211 0
12121212 0
12121220 0
12121221 0
12121222 0
12122000 0
12122001 0
12122002 0
12122010 0
12122011 0
12122012 0
12122020 0
12122021 0
12122022 0
12122100 0
12122101 0
12122102 0
12122110 0
12122111 0
12122112 0
12122120 0
12122121 0
12122122 0
12122200 0
12122201 0
12122202 0
12122210 0
12122211 0
12122212 0
12122220 0
12122221 0
12122222 0
12200000 0
12200001 0
12200002 0
12200010 0
12200011 0
12200012 0
12200020 0
12200021 0
12200022 0
12200100 0
12200101 3 58-9*6=4
12200102 0
12200110 9 46*9=414
12200111 4 18-8-6=4
12200112 2
12200120 0
12200121 0
12200122 0
12200200 10 98-50=48
12200201 0
12200202 0
12200210 13 5+5*7=40
12200211 3 78-14=64
12200212 0
12200220 7 5+5*7=40
12200221 3 78-64=14
12200222 0
12201000 0
12201001 0
12201002 0
12201010 0
12201011 0
12201012 0
12201020 0
12201021 0
12201022 0
12201100 4 28-7*4=0
12201101 2
12201102 0
12201110 3 18-7*2=4
12201111 0
12201112 0
12201120 0
12201121 0
12201122 0
12201200 6 98-74=24
12201201 13 84-26=58
12201202 0
12201210 0
12201211 5 68-47=21
12201212 0
12201220 1
12201221 1
12201222 0
12202000 0
12202001 0
12202002 0
12202010 0
12202011 0
12202012 0
12202020 0
12202021 0
12202022 0
12202100 0
12202101 0
12202102 0
12202110 0
12202111 0
12202112 0
12202120 0
12202121 0
12202122 0
12202200 0
12202201 0
12202202 5 92-50=42
12202210 0
12202211 0
12202212 1
12202220 0
12202221 0
12202222 1
12210000 0
12210001 0
12210002 0
12210010 0
12210011 0
12210012 0
12210020 0
12210021 0
12210022 0
12210100 0
12210101 0
12210102 2
12210110 0
12210111 0
12210112 1
12210120 0
12210121 0
12210122 0
12210200 13 93-43=50
12210201 1
12210202 0
12210210 4 86-11=75
12210211 0
12210212 0
12210220 2
12210221 0
12210222 0
12211000 0
12211001 0
12211002 0
12211010 0
12211011 0
12211012 0
12211020 0
12211021 0
12211022 0
12211100 3 38-9*4=2
12211101 0
12211102 0
12211110 0
12211111 0
12211112 0
12211120 0
12211121 0
12211122 0
12211200 1
12211201 5 68-45=23
12211202 0
12211210 1
12211211 0
12211212 0
12211220 1
12211221 0
12211222 0
12212000 0
12212001 0
12212002 0
12212010 0
12212011 0
12212012 0
12212020 0
12212021 0
12212022 0
12212100 0
12212101 0
12212102 0
12212110 0
12212111 0
12212112 0
12212120 0
12212121 0
12212122 0
12212200 0
12212201 0
12212202 1
12212210 0
12212211 0
12212212 0
12212220 0
12212221 0
12212222 0
12220000 0
12220001 0
12220002 0
12220010 0
12220011 0
12220012 0
12220020 0
12220021 0
12220022 0
12220100 0
12220101 0
12220102 0
12220110 0
12220111 0
12220112 1
12220120 0
12220121 0
12220122 0
12220200 7 390/5=78
12220201 2
12220202 0
12220210 2
12220211 0
12220212 0
12220220 0
12220221 0
12220222 0
12221000 0
12221001 0
12221002 0
12221010 0
12221011 0
12221012 0
12221020 0
12221021 0
12221022 0
12221100 1
12221101 0
12221102 0
12221110 0
12221111 0
12221112 0
12221120 0
12221121 0
12221122 0
12221200 1
12221201 1
12221202 0
12221210 0
12221211 0
12221212 0
12221220 0
12221221 0
12221222 0
12222000 0
12222001 0
12222002 0
12222010 0
12222011 0
12222012 0
12222020 0
12222021 0
12222022 0
12222100 0
12222101 0
12222102 0
12222110 0
12222111 0
12222112 0
12222120 0
12222121 0
12222122 0
12222200 0
12222201 0
12222202 1
12222210 0
12222211 0
12222212 0
12222220 0
12222221 0
12222222 0
20000000 0
20000001 0
20000002 0
20000010 0
20000011 0
20000012 0
20000020 0
20000021 0
20000022 0
20000100 11 470/94=5
20000101 2
20000102 4 69-19=50
20000110 23 45/9/1=5
20000111 8 4*4/16=1
20000112 8 4*49=196
20000120 0
20000121 1
20000122 0
20000200 29 405/9=45
20000201 13 2+9*6=56
20000202 9 69-56=13
20000210 28 20+74=94
20000211 21 25+66=91
20000212 9 16+61=77
20000220 16 4*4+1=17
20000221 15 7*6+9=51
20000222 7 3/1+7=10
20001000 0
20001001 0
20001002 0
20001010 0
20001011 0
20001012 0
20001020 0
20001021 0
20001022 0
20001100 18 40/5/4=2
20001101 13 4*65=260
20001102 7 46*6=276
20001110 12 4*25=100
20001111 12 12/6/2=1
20001112 7 42/7/1=6
20001120 1
20001121 0
20001122 2
20001200 27 9+7*5=44
20001201 28 20+54=74
20001202 9 462/7=66
20001210 18 2*5*7=70
20001211 20 110/5=22
20001212 3 45+21=66
20001220 14 9*5+7=52
20001221 3 4/2*6=12
20001222 1
20002000 0
20002001 0
20002002 0
20002010 0
20002011 0
20002012 0
20002020 0
20002021 0
20002022 0
20002100 0
20002101 0
20002102 0
20002110 1
20002111 1
20002112 0
20002120 0
20002121 0
20002122 0
20002200 8 10+47=57
20002201 4 5+5*7=40
20002202 4 4*7*2=56
20002210 6 92-50=42
20002211 1
20002212 1
20002220 8 4+5*2=14
20002221 2
20002222 2
20010000 0
20010001 0
20010002 0
20010010 0
20010011 0
20010012 0
20010020 0
20010021 0
20010022 0
20010100 5 4*75=300
20010101 5 4*90=360
20010102 3 44*9=396
20010110 5 4+15/3=9
20010111 6 4*9/36=1
20010112 2
20010120 1
20010121 0
20010122 1
20010200 17 93-57=36
20010201 12 4+5*6=34
20010202 2
20010210 13 44+13=57
20010211 10 39+27=66
20010212 5 4/1*9=36
20010220 20 4*3+1=13
20010221 2
20010222 5 4+4*3=16
20011000 0
20011001 0
20011002 0
20011010 0
20011011 0
20011012 0
20011020 0
20011021 0
20011022 0
20011100 9 42/7/2=3
20011101 3 46*7=322
20011102 2
20011110 7 4*3/12=1
20011111 0
20011112 0
20011120 1
20011121 0
20011122 0
20011200 19 59-27=32
20011201 16 53+26=79
20011202 1
20011210 4 42+51=93
20011211 5 43+21=64
20011212 0
20011220 12 4/1*3=12
20011221 0
20011222 0
20012000 0
20012001 0
20012002 0
20012010 0
20012011 0
20012012 0
20012020 0
20012021 0
20012022 0
20012100 0
20012101 0
20012102 0
20012110 0
20012111 0
20012112 0
20012120 0
20012121 0
20012122 0
20012200 4 4*4*2=32
20012201 1
20012202 0
20012210 3 43+12=55
20012211 1
20012212 0
20012220 3 4+7+2=13
20012221 0
20012222 0
20020000 0
20020001 0
20020002 0
20020010 0
20020011 0
20020012 0
20020020 0
20020021 0
20020022 0
20020100 2
20020101 0
20020102 0
20020110 3 47*3=141
20020111 0
20020112 0
20020120 0
20020121 0
20020122 0
20020200 15 90-33=57
20020201 2
20020202 3 40+36=76
20020210 6 44+31=75
20020211 2
20020212 2
20020220 0
20020221 0
20020222 0
20021000 0
20021001 0
20021002 0
20021010 0
20021011 0
20021012 0
20021020 0
20021021 0
20021022 0
20021100 4 4*93=372
20021101 1
20021102 0
20021110 6 41*3=123
20021111 0
20021112 1
20021120 1
20021121 0
20021122 0
20021200 4 42+35=77
20021201 0
20021202 1
20021210 2
20021211 0
20021212 0
20021220 0
20021221 0
20021222 0
20022000 0
20022001 0
20022002 0
20022010 0
20022011 0
20022012 0
20022020 0
20022021 0
20022022 0
20022100 0
20022101 0
20022102 0
20022110 0
20022111 0
20022112 0
20022120 0
20022121 0
20022122 0
20022200 5 92-65=27
20022201 0
20022202 1
20022210 1
20022211 0
20022212 0
20022220 0
20022221 0
20022222 0
20100000 0
20100001 0
20100002 0
20100010 0
20100011 0
20100012 0
20100020 0
20100021 0
20100022 0
20100100 9 40/5-4=4
20100101 2
20100102 2
20100110 25 1*10-1=9
20100111 11 1*10-5=5
20100112 5 69-19=50
20100120 0
20100121 0
20100122 0
20100200 0
20100201 0
20100202 0
20100210 0
20100211 0
20100212 0
20100220 8 4*5-9=11
20100221 5 4*6-9=15
20100222 1
20101000 0
20101001 0
20101002 0
20101010 0
20101011 0
20101012 0
20101020 0
20101021 0
20101022 0
20101100 9 44/4-9=2
20101101 6 40/5-6=2
20101102 1
20101110 17 9-72/9=1
20101111 2
20101112 1
20101120 0
20101121 0
20101122 0
20101200 3 4*9-9=27
20101201 2
20101202 0
20101210 2
20101211 0
20101212 0
20101220 4 4*4-4=12
20101221 0
20101222 0
20102000 0
20102001 0
20102002 0
20102010 0
20102011 0
20102012 0
20102020 0
20102021 0
20102022 0
20102100 4 4*9-29=7
20102101 4 4*6-20=4
20102102 1
20102110 2
20102111 0
20102112 0
20102120 0
20102121 0
20102122 0
20102200 0
20102201 1
20102202 1
20102210 0
20102211 0
20102212 0
20102220 2
20102221 0
20102222 0
20110000 0
20110001 0
20110002 0
20110010 0
20110011 0
20110012 0
20110020 0
20110021 0
20110022 0
20110100 7 40/5-5=3
20110101 3 4*9-36=0
20110102 2
20110110 9 3*6-13=5
20110111 0
20110112 0
20110120 0
20110121 0
20110122 0
20110200 1
20110201 1
20110202 0
20110210 2
20110211 0
20110212 0
20110220 6 4*5-7=13
20110221 0
20110222 0
20111000 0
20111001 0
20111002 0
20111010 0
20111011 0
20111012 0
20111020 0
20111021 0
20111022 0
20111100 5 4*9-34=2
20111101 2
20111102 0
20111110 3 4*3-10=2
20111111 0
20111112 0
20111120 0
20111121 0
20111122 0
20111200 3 4*7-5=23
20111201 0
20111202 0
20111210 0
20111211 2
20111212 0
20111220 0
20111221 0
20111222 0
20112000 0
20112001 0
20112002 0
20112010 0
20112011 0
20112012 0
20112020 0
20112021 0
20112022 0
20112100 2
20112101 0
20112102 0
20112110 0
20112111 2
20112112 0
20112120 0
20112121 0
20112122 0
20112200 1
20112201 0
20112202 0
20112210 0
20112211 0
20112212 0
20112220 1
20112221 0
20112222 0
20120000 0
20120001 0
20120002 0
20120010 0
20120011 0
20120012 0
20120020 0
20120021 0
20120022 0
20120100 0
20120101 1
20120102 1
20120110 1
20120111 0
20120112 0
20120120 0
20120121 0
20120122 0
20120200 0
20120201 0
20120202 0
20120210 0
20120211 0
20120212 0
20120220 0
20120221 0
20120222 0
20121000 0
20121001 0
20121002 0
20121010 0
20121011 0
20121012 0
20121020 0
20121021 0
20121022 0
20121100 3 42/3-9=5
20121101 0
20121102 0
20121110 0
20121111 0
20121112 0
20121120 0
20121121 0
20121122 0
20121200 0
20121201 0
20121202 0
20121210 0
20121211 0
20121212 0
20121220 0
20121221 0
20121222 0
20122000 0
20122001 0
20122002 0
20122010 0
20122011 0
20122012 0
20122020 0
20122021 0
20122022 0
20122100 0
20122101 0
20122102 0
20122110 0
20122111 0
20122112 0
20122120 0
20122121 0
20122122 0
20122200 0
20122201 0
20122202 0
20122210 0
20122211 0
20122212 0
20122220 0
20122221 0
20122222 0
20200000 0
20200001 0
20200002 0
20200010 0
20200011 0
20200012 0
20200020 0
20200021 0
20200022 0
20200100 13 49-9*5=4
20200101 8 47-7*6=5
20200102 0
20200110 2
20200111 3 46-9*5=1
20200112 2
20200120 0
20200121 0
20200122 0
20200200 0
20200201 0
20200202 0
20200210 0
20200211 0
20200212 0
20200220 0
20200221 0
20200222 0
20201000 0
20201001 0
20201002 0
20201010 0
20201011 0
20201012 0
20201020 0
20201021 0
20201022 0
20201100 4 47-9*5=2
20201101 4 44-7*6=2
20201102 3 42-9*4=6
20201110 0
20201111 0
20201112 0
20201120 0
20201121 0
20201122 0
20201200 14 94*5=470
20201201 2
20201202 1
20201210 16 41+14=55
20201211 8 34-15=19
20201212 5 69-19=50
20201220 11 413/7=59
20201221 5 45-26=19
20201222 4 69-19=50
20202000 0
20202001 0
20202002 0
20202010 0
20202011 0
20202012 0
20202020 0
20202021 0
20202022 0
20202100 0
20202101 0
20202102 0
20202110 0
20202111 0
20202112 0
20202120 0
20202121 0
20202122 0
20202200 4 69-19=50
20202201 1
20202202 0
20202210 1
20202211 0
20202212 0
20202220 1
20202221 0
20202222 0
20210000 0
20210001 0
20210002 0
20210010 0
20210011 0
20210012 0
20210020 0
20210021 0
20210022 0
20210100 2
20210101 3 43-6*6=7
20210102 0
20210110 0
20210111 2
20210112 0
20210120 0
20210121 0
20210122 0
20210200 0
20210201 0
20210202 0
20210210 21 57+33=90
20210211 6 20+71=91
20210212 3 69-19=50
20210220 0
20210221 0
20210222 0
20211000 0
20211001 0
20211002 0
20211010 0
20211011 0
20211012 0
20211020 0
20211021 0
20211022 0
20211100 0
20211101 0
20211102 0
20211110 0
20211111 0
20211112 0
20211120 0
20211121 0
20211122 0
20211200 5 34-14=20
20211201 2
20211202 1
20211210 15 52-23=29
20211211 2
20211212 1
20211220 6 42-29=13
20211221 1
20211222 1
20212000 0
20212001 0
20212002 0
20212010 0
20212011 0
20212012 0
20212020 0
20212021 0
20212022 0
20212100 0
20212101 0
20212102 0
20212110 0
20212111 0
20212112 0
20212120 0
20212121 0
20212122 0
20212200 1
20212201 0
20212202 0
20212210 7 12/1-5=7
20212211 1
20212212 0
20212220 0
20212221 0
20212222 0
20220000 0
20220001 0
20220002 0
20220010 0
20220011 0
20220012 0
20220020 0
20220021 0
20220022 0
20220100 0
20220101 0
20220102 0
20220110 0
20220111 0
20220112 0
20220120 0
20220121 0
20220122 0
20220200 0
20220201 0
20220202 0
20220210 0
20220211 0
20220212 0
20220220 21 57+33=90
20220221 6 9+1*6=15
20220222 3 92-50=42
20221000 0
20221001 0
20221002 0
20221010 0
20221011 0
20221012 0
20221020 0
20221021 0
20221022 0
20221100 0
20221101 0
20221102 0
20221110 0
20221111 0
20221112 0
20221120 0
20221121 0
20221122 0
20221200 0
20221201 0
20221202 0
20221210 0
20221211 0
20221212 0
20221220 6 92-65=27
20221221 1
20221222 0
20222000 0
20222001 0
20222002 0
20222010 0
20222011 0
20222012 0
20222020 0
20222021 0
20222022 0
20222100 0
20222101 0
20222102 0
20222110 0
20222111 0
20222112 0
20222120 0
20222121 0
20222122 0
20222200 0
20222201 0
20222202 0
20222210 0
20222211 0
20222212 0
20222220 6 54+37=91
20222221 1
20222222 0
21000000 0
21000001 0
21000002 0
21000010 0
21000011 0
21000012 0
21000020 0
21000021 0
21000022 0
21000100 8 440/88=5
21000101 6 448/64=7
21000102 2
21000110 29 6*18=108
21000111 6 4+16/4=8
21000112 3 4+18/9=6
21000120 0
21000121 0
21000122 0
21000200 31 20+75=95
21000201 13 476/7=68
21000202 5 2+8+6=16
21000210 18 41+18=59
21000211 6 41+46=87
21000212 2
21000220 7 5+7+5=17
21000221 2
21000222 2
21001000 0
21001001 0
21001002 0
21001010 0
21001011 0
21001012 0
21001020 0
21001021 0
21001022 0
21001100 13 4+20/5=8
21001101 7 4*68=272
21001102 1
21001110 9 4*71=284
21001111 8 4*8/16=2
21001112 2
21001120 1
21001121 0
21001122 0
21001200 17 40+58=98
21001201 16 8+6*6=44
21001202 1
21001210 8 3*9/1=27
21001211 7 416/8=52
21001212 0
21001220 9 4/2+8=10
21001221 0
21001222 2
21002000 0
21002001 0
21002002 0
21002010 0
21002011 0
21002012 0
21002020 0
21002021 0
21002022 0
21002100 0
21002101 0
21002102 0
21002110 1
21002111 0
21002112 0
21002120 0
21002121 0
21002122 0
21002200 5 69-19=50
21002201 5 4*8*2=64
21002202 1
21002210 0
21002211 1
21002212 0
21002220 4 4*9/2=18
21002221 0
21002222 1
21010000 0
21010001 0
21010002 0
21010010 0
21010011 0
21010012 0
21010020 0
21010021 0
21010022 0
21010100 11 4*97=388
21010101 6 4+36/9=8
21010102 5 4*89=356
21010110 2
21010111 0
21010112 0
21010120 0
21010121 0
21010122 0
21010200 17 54+43=97
21010201 5 43+46=89
21010202 8 4*8*3=96
21010210 7 43+48=91
21010211 2
21010212 0
21010220 4 4+3+8=15
21010221 1
21010222 0
21011000 0
21011001 0
21011002 0
21011010 0
21011011 0
21011012 0
21011020 0
21011021 0
21011022 0
21011100 13 4*88=352
21011101 2
21011102 1
21011110 7 4*81=324
21011111 0
21011112 0
21011120 1
21011121 0
21011122 0
21011200 8 10+43=53
21011201 3 45+23=68
21011202 0
21011210 6 4/1*8=32
21011211 0
21011212 0
21011220 0
21011221 0
21011222 0
21012000 0
21012001 0
21012002 0
21012010 0
21012011 0
21012012 0
21012020 0
21012021 0
21012022 0
21012100 0
21012101 0
21012102 0
21012110 0
21012111 0
21012112 0
21012120 0
21012121 0
21012122 0
21012200 3 4*9+2=38
21012201 0
21012202 0
21012210 1
21012211 0
21012212 0
21012220 0
21012221 0
21012222 0
21020000 0
21020001 0
21020002 0
21020010 0
21020011 0
21020012 0
21020020 0
21020021 0
21020022 0
21020100 0
21020101 0
21020102 0
21020110 0
21020111 1
21020112 0
21020120 0
21020121 0
21020122 0
21020200 16 390/5=78
21020201 7 48+26=74
21020202 2
21020210 8 89-47=42
21020211 2
21020212 0
21020220 0
21020221 0
21020222 0
21021000 0
21021001 0
21021002 0
21021010 0
21021011 0
21021012 0
21021020 0
21021021 0
21021022 0
21021100 1
21021101 0
21021102 0
21021110 0
21021111 0
21021112 0
21021120 0
21021121 0
21021122 0
21021200 6 69-25=44
21021201 2
21021202 0
21021210 1
21021211 0
21021212 0
21021220 0
21021221 0
21021222 0
21022000 0
21022001 0
21022002 0
21022010 0
21022011 0
21022012 0
21022020 0
21022021 0
21022022 0
21022100 0
21022101 0
21022102 0
21022110 0
21022111 0
21022112 0
21022120 0
21022121 0
21022122 0
21022200 0
21022201 1
21022202 0
21022210 1
21022211 0
21022212 0
21022220 0
21022221 0
21022222 0
21100000 0
21100001 0
21100002 0
21100010 0
21100011 0
21100012 0
21100020 0
21100021 0
21100022 0
21100100 2
21100101 0
21100102 0
21100110 10 24/4+1=7
21100111 4 4*6-16=8
21100112 3 4*6-18=6
21100120 0
21100121 0
21100122 0
21100200 0
21100201 0
21100202 0
21100210 0
21100211 0
21100212 0
21100220 2
21100221 1
21100222 1
21101000 0
21101001 0
21101002 0
21101010 0
21101011 0
21101012 0
21101020 0
21101021 0
21101022 0
21101100 3 40/4-8=2
21101101 0
21101102 0
21101110 10 4-10+8=2
21101111 1
21101112 0
21101120 0
21101121 0
21101122 0
21101200 6 69-24=45
21101201 0
21101202 1
21101210 0
21101211 0
21101212 0
21101220 2
21101221 0
21101222 0
21102000 0
21102001 0
21102002 0
21102010 0
21102011 0
21102012 0
21102020 0
21102021 0
21102022 0
21102100 7 69-8*8=5
21102101 0
21102102 1
21102110 0
21102111 0
21102112 0
21102120 0
21102121 0
21102122 0
21102200 0
21102201 0
21102202 0
21102210 0
21102211 0
21102212 0
21102220 2
21102221 0
21102222 0
21110000 0
21110001 0
21110002 0
21110010 0
21110011 0
21110012 0
21110020 0
21110021 0
21110022 0
21110100 2
21110101 0
21110102 0
21110110 3 4*8-31=1
21110111 0
21110112 0
21110120 0
21110121 0
21110122 0
21110200 0
21110201 0
21110202 0
21110210 1
21110211 0
21110212 0
21110220 0
21110221 0
21110222 0
21111000 0
21111001 0
21111002 0
21111010 0
21111011 0
21111012 0
21111020 0
21111021 0
21111022 0
21111100 5 4*8-32=0
21111101 0
21111102 0
21111110 0
21111111 0
21111112 0
21111120 0
21111121 0
21111122 0
21111200 2
21111201 0
21111202 0
21111210 0
21111211 0
21111212 0
21111220 0
21111221 0
21111222 0
21112000 0
21112001 0
21112002 0
21112010 0
21112011 0
21112012 0
21112020 0
21112021 0
21112022 0
21112100 2
21112101 0
21112102 0
21112110 0
21112111 0
21112112 0
21112120 0
21112121 0
21112122 0
21112200 1
21112201 0
21112202 0
21112210 0
21112211 0
21112212 0
21112220 0
21112221 0
21112222 0
21120000 0
21120001 0
21120002 0
21120010 0
21120011 0
21120012 0
21120020 0
21120021 0
21120022 0
21120100 2
21120101 0
21120102 0
21120110 2
21120111 0
21120112 0
21120120 0
21120121 0
21120122 0
21120200 0
21120201 0
21120202 0
21120210 0
21120211 0
21120212 0
21120220 0
21120221 0
21120222 0
21121000 0
21121001 0
21121002 0
21121010 0
21121011 0
21121012 0
21121020 0
21121021 0
21121022 0
21121100 0
21121101 1
21121102 1
21121110 0
21121111 0
21121112 0
21121120 0
21121121 0
21121122 0
21121200 0
21121201 0
21121202 0
21121210 0
21121211 0
21121212 0
21121220 0
21121221 0
21121222 0
21122000 0
21122001 0
21122002 0
21122010 0
21122011 0
21122012 0
21122020 0
21122021 0
21122022 0
21122100 0
21122101 0
21122102 0
21122110 0
21122111 0
21122112 0
21122120 0
21122121 0
21122122 0
21122200 0
21122201 0
21122202 0
21122210 0
21122211 0
21122212 0
21122220 0
21122221 0
21122222 0
21200000 0
21200001 0
21200002 0
21200010 0
21200011 0
21200012 0
21200020 0
21200021 0
21200022 0
21200100 14 94*5=470
21200101 1
21200102 2
21200110 4 41-8*5=1
21200111 2
21200112 0
21200120 0
21200121 0
21200122 0
21200200 0
21200201 0
21200202 0
21200210 0
21200211 0
21200212 0
21200220 0
21200221 0
21200222 0
21201000 0
21201001 0
21201002 0
21201010 0
21201011 0
21201012 0
21201020 0
21201021 0
21201022 0
21201100 2
21201101 0
21201102 0
21201110 0
21201111 0
21201112 0
21201120 0
21201121 0
21201122 0
21201200 0
21201201 0
21201202 0
21201210 9 92-64=28
21201211 2
21201212 1
21201220 7 12*9=108
21201221 2
21201222 1
21202000 0
21202001 0
21202002 0
21202010 0
21202011 0
21202012 0
21202020 0
21202021 0
21202022 0
21202100 0
21202101 0
21202102 0
21202110 0
21202111 0
21202112 0
21202120 0
21202121 0
21202122 0
21202200 0
21202201 0
21202202 0
21202210 1
21202211 0
21202212 0
21202220 1
21202221 0
21202222 0
21210000 0
21210001 0
21210002 0
21210010 0
21210011 0
21210012 0
21210020 0
21210021 0
21210022 0
21210100 4 43-8*5=3
21210101 0
21210102 0
21210110 0
21210111 0
21210112 0
21210120 0
21210121 0
21210122 0
21210200 0
21210201 0
21210202 0
21210210 2
21210211 0
21210212 0
21210220 0
21210221 0
21210222 0
21211000 0
21211001 0
21211002 0
21211010 0
21211011 0
21211012 0
21211020 0
21211021 0
21211022 0
21211100 0
21211101 0
21211102 0
21211110 0
21211111 0
21211112 0
21211120 0
21211121 0
21211122 0
21211200 0
21211201 0
21211202 0
21211210 4 43-18=25
21211211 0
21211212 0
21211220 4 43-28=15
21211221 0
21211222 0
21212000 0
21212001 0
21212002 0
21212010 0
21212011 0
21212012 0
21212020 0
21212021 0
21212022 0
21212100 0
21212101 0
21212102 0
21212110 0
21212111 0
21212112 0
21212120 0
21212121 0
21212122 0
21212200 0
21212201 0
21212202 0
21212210 0
21212211 0
21212212 0
21212220 0
21212221 0
21212222 0
21220000 0
21220001 0
21220002 0
21220010 0
21220011 0
21220012 0
21220020 0
21220021 0
21220022 0
21220100 0
21220101 0
21220102 0
21220110 0
21220111 0
21220112 0
21220120 0
21220121 0
21220122 0
21220200 0
21220201 0
21220202 0
21220210 0
21220211 0
21220212 0
21220220 2
21220221 0
21220222 0
21221000 0
21221001 0
21221002 0
21221010 0
21221011 0
21221012 0
21221020 0
21221021 0
21221022 0
21221100 0
21221101 0
21221102 0
21221110 0
21221111 0
21221112 0
21221120 0
21221121 0
21221122 0
21221200 0
21221201 0
21221202 0
21221210 0
21221211 0
21221212 0
21221220 0
21221221 0
21221222 0
21222000 0
21222001 0
21222002 0
21222010 0
21222011 0
21222012 0
21222020 0
21222021 0
21222022 0
21222100 0
21222101 0
21222102 0
21222110 0
21222111 0
21222112 0
21222120 0
21222121 0
21222122 0
21222200 0
21222201 0
21222202 0
21222210 0
21222211 0
21222212 0
21222220 0
21222221 0
21222222 0
22000000 0
22000001 0
22000002 0
22000010 0
22000011 0
22000012 0
22000020 0
22000021 0
22000022 0
22000100 1
22000101 3 486/54=9
22000102 1
22000110 1
22000111 8 48/8/6=1
22000112 5 48/8/1=6
22000120 0
22000121 0
22000122 0
22000200 5 485/5=97
22000201 4 48+46=94
22000202 2
22000210 4 48+51=99
22000211 5 48+19=67
22000212 1
22000220 0
22000221 0
22000222 0
22001000 0
22001001 0
22001002 0
22001010 0
22001011 0
22001012 0
22001020 0
22001021 0
22001022 0
22001100 2
22001101 5 48/6/4=2
22001102 2
22001110 1
22001111 0
22001112 0
22001120 0
22001121 0
22001122 0
22001200 4 48+44=92
22001201 2
22001202 1
22001210 0
22001211 2
22001212 0
22001220 0
22001221 0
22001222 0
22002000 0
22002001 0
22002002 0
22002010 0
22002011 0
22002012 0
22002020 0
22002021 0
22002022 0
22002100 0
22002101 0
22002102 0
22002110 0
22002111 0
22002112 0
22002120 0
22002121 0
22002122 0
22002200 2
22002201 0
22002202 0
22002210 0
22002211 1
22002212 0
22002220 0
22002221 0
22002222 0
22010000 0
22010001 0
22010002 0
22010010 0
22010011 0
22010012 0
22010020 0
22010021 0
22010022 0
22010100 4 48/8+3=9
22010101 1
22010102 1
22010110 0
22010111 0
22010112 0
22010120 0
22010121 0
22010122 0
22010200 1
22010201 1
22010202 0
22010210 1
22010211 2
22010212 0
22010220 0
22010221 0
22010222 0
22011000 0
22011001 0
22011002 0
22011010 0
22011011 0
22011012 0
22011020 0
22011021 0
22011022 0
22011100 5 48/8/3=2
22011101 0
22011102 0
22011110 0
22011111 0
22011112 0
22011120 0
22011121 0
22011122 0
22011200 1
22011201 0
22011202 0
22011210 1
22011211 0
22011212 0
22011220 0
22011221 0
22011222 0
22012000 0
22012001 0
22012002 0
22012010 0
22012011 0
22012012 0
22012020 0
22012021 0
22012022 0
22012100 0
22012101 0
22012102 0
22012110 0
22012111 0
22012112 0
22012120 0
22012121 0
22012122 0
22012200 0
22012201 0
22012202 0
22012210 0
22012211 0
22012212 0
22012220 0
22012221 0
22012222 0
22020000 0
22020001 0
22020002 0
22020010 0
22020011 0
22020012 0
22020020 0
22020021 0
22020022 0
22020100 1
22020101 0
22020102 0
22020110 1
22020111 0
22020112 0
22020120 0
22020121 0
22020122 0
22020200 4 48+39=87
22020201 1
22020202 1
22020210 2
22020211 0
22020212 0
22020220 0
22020221 0
22020222 0
22021000 0
22021001 0
22021002 0
22021010 0
22021011 0
22021012 0
22021020 0
22021021 0
22021022 0
22021100 2
22021101 0
22021102 0
22021110 0
22021111 0
22021112 0
22021120 0
22021121 0
22021122 0
22021200 1
22021201 0
22021202 0
22021210 0
22021211 0
22021212 0
22021220 0
22021221 0
22021222 0
22022000 0
22022001 0
22022002 0
22022010 0
22022011 0
22022012 0
22022020 0
22022021 0
22022022 0
22022100 0
22022101 0
22022102 0
22022110 0
22022111 0
22022112 0
22022120 0
22022121 0
22022122 0
22022200 1
22022201 0
22022202 0
22022210 0
22022211 0
22022212 0
22022220 0
22022221 0
22022222 0
22100000 0
22100001 0
22100002 0
22100010 0
22100011 0
22100012 0
22100020 0
22100021 0
22100022 0
22100100 4 72/8-4=5
22100101 3 48/8-6=0
22100102 1
22100110 2
22100111 2
22100112 0
22100120 0
22100121 0
22100122 0
22100200 0
22100201 0
22100202 0
22100210 0
22100211 0
22100212 0
22100220 0
22100221 0
22100222 0
22101000 0
22101001 0
22101002 0
22101010 0
22101011 0
22101012 0
22101020 0
22101021 0
22101022 0
22101100 2
22101101 1
22101102 1
22101110 0
22101111 0
22101112 0
22101120 0
22101121 0
22101122 0
22101200 0
22101201 0
22101202 0
22101210 0
22101211 0
22101212 0
22101220 0
22101221 0
22101222 0
22102000 0
22102001 0
22102002 0
22102010 0
22102011 0
22102012 0
22102020 0
22102021 0
22102022 0
22102100 0
22102101 0
22102102 0
22102110 0
22102111 0
22102112 0
22102120 0
22102121 0
22102122 0
22102200 0
22102201 0
22102202 0
22102210 0
22102211 0
22102212 0
22102220 0
22102221 0
22102222 0
22110000 0
22110001 0
22110002 0
22110010 0
22110011 0
22110012 0
22110020 0
22110021 0
22110022 0
22110100 3 48/8-3=3
22110101 2
22110102 0
22110110 0
22110111 0
22110112 0
22110120 0
22110121 0
22110122 0
22110200 0
22110201 0
22110202 0
22110210 0
22110211 0
22110212 0
22110220 0
22110221 0
22110222 0
22111000 0
22111001 0
22111002 0
22111010 0
22111011 0
22111012 0
22111020 0
22111021 0
22111022 0
22111100 0
22111101 0
22111102 0
22111110 0
22111111 0
22111112 0
22111120 0
22111121 0
22111122 0
22111200 0
22111201 0
22111202 0
22111210 0
22111211 0
22111212 0
22111220 0
22111221 0
22111222 0
22112000 0
22112001 0
22112002 0
22112010 0
22112011 0
22112012 0
22112020 0
22112021 0
22112022 0
22112100 0
22112101 0
22112102 0
22112110 0
22112111 0
22112112 0
22112120 0
22112121 0
22112122 0
22112200 0
22112201 0
22112202 0
22112210 0
22112211 0
22112212 0
22112220 0
22112221 0
22112222 0
22120000 0
22120001 0
22120002 0
22120010 0
22120011 0
22120012 0
22120020 0
22120021 0
22120022 0
22120100 3 48/3-9=7
22120101 0
22120102 0
22120110 0
22120111 0
22120112 0
22120120 0
22120121 0
22120122 0
22120200 0
22120201 0
22120202 0
22120210 0
22120211 0
22120212 0
22120220 0
22120221 0
22120222 0
22121000 0
22121001 0
22121002 0
22121010 0
22121011 0
22121012 0
22121020 0
22121021 0
22121022 0
22121100 0
22121101 0
22121102 0
22121110 0
22121111 0
22121112 0
22121120 0
22121121 0
22121122 0
22121200 0
22121201 0
22121202 0
22121210 0
22121211 0
22121212 0
22121220 0
22121221 0
22121222 0
22122000 0
22122001 0
22122002 0
22122010 0
22122011 0
22122012 0
22122020 0
22122021 0
22122022 0
22122100 0
22122101 0
22122102 0
22122110 0
22122111 0
22122112 0
22122120 0
22122121 0
22122122 0
22122200 0
22122201 0
22122202 0
22122210 0
22122211 0
22122212 0
22122220 0
22122221 0
22122222 0
22200000 0
22200001 0
22200002 0
22200010 0
22200011 0
22200012 0
22200020 0
22200021 0
22200022 0
22200100 2
22200101 2
22200102 2
22200110 0
22200111 0
22200112 0
22200120 0
22200121 0
22200122 0
22200200 0
22200201 0
22200202 0
22200210 0
22200211 0
22200212 0
22200220 0
22200221 0
22200222 0
22201000 0
22201001 0
22201002 0
22201010 0
22201011 0
22201012 0
22201020 0
22201021 0
22201022 0
22201100 0
22201101 0
22201102 0
22201110 0
22201111 0
22201112 0
22201120 0
22201121 0
22201122 0
22201200 3 48-20=28
22201201 1
22201202 0
22201210 3 48-27=21
22201211 0
22201212 0
22201220 1
22201221 0
22201222 0
22202000 0
22202001 0
22202002 0
22202010 0
22202011 0
22202012 0
22202020 0
22202021 0
22202022 0
22202100 0
22202101 0
22202102 0
22202110 0
22202111 0
22202112 0
22202120 0
22202121 0
22202122 0
22202200 0
22202201 0
22202202 1
22202210 0
22202211 0
22202212 0
22202220 0
22202221 0
22202222 0
22210000 0
22210001 0
22210002 0
22210010 0
22210011 0
22210012 0
22210020 0
22210021 0
22210022 0
22210100 2
22210101 0
22210102 0
22210110 0
22210111 0
22210112 0
22210120 0
22210121 0
22210122 0
22210200 0
22210201 0
22210202 0
22210210 7 2+8*7=58
22210211 0
22210212 0
22210220 0
22210221 0
22210222 0
22211000 0
22211001 0
22211002 0
22211010 0
22211011 0
22211012 0
22211020 0
22211021 0
22211022 0
22211100 0
22211101 0
22211102 0
22211110 0
22211111 0
22211112 0
22211120 0
22211121 0
22211122 0
22211200 2
22211201 0
22211202 0
22211210 0
22211211 1
22211212 0
22211220 0
22211221 0
22211222 0
22212000 0
22212001 0
22212002 0
22212010 0
22212011 0
22212012 0
22212020 0
22212021 0
22212022 0
22212100 0
22212101 0
22212102 0
22212110 0
22212111 0
22212112 0
22212120 0
22212121 0
22212122 0
22212200 0
22212201 0
22212202 0
22212210 0
22212211 0
22212212 1
22212220 0
22212221 0
22212222 0
22220000 0
22220001 0
22220002 0
22220010 0
22220011 0
22220012 0
22220020 0
22220021 0
22220022 0
22220100 0
22220101 0
22220102 0
22220110 0
22220111 0
22220112 0
22220120 0
22220121 0
22220122 0
22220200 0
22220201 0
22220202 0
22220210 0
22220211 0
22220212 0
22220220 7 2+8*7=58
22220221 0
22220222 0
22221000 0
22221001 0
22221002 0
22221010 0
22221011 0
22221012 0
22221020 0
22221021 0
22221022 0
22221100 0
22221101 0
22221102 0
22221110 0
22221111 0
22221112 0
22221120 0
22221121 0
22221122 0
22221200 0
22221201 0
22221202 0
22221210 0
22221211 0
22221212 0
22221220 0
22221221 1
22221222 0
22222000 0
22222001 0
22222002 0
22222010 0
22222011 0
22222012 0
22222020 0
22222021 0
22222022 0
22222100 0
22222101 0
22222102 0
22222110 0
22222111 0
22222112 0
22222120 0
22222121 0
22222122 0
22222200 0
22222201 0
22222202 0
22222210 0
22222211 0
22222212 0
22222220 0
22222221 0
22222222 1